# relative_time, cycles_done, cur_item, corpus_count, pending_total, pending_favs, map_size, saved_crashes, saved_hangs, max_depth, execs_per_sec, total_execs, edges_found
60, 14, 495, 674, 2, 0, 56.03%, 12, 0, 18, 82766.92, 4976691, 897
65, 15, 315, 678, 4, 0, 56.03%, 12, 0, 19, 81968.06, 5386865, 897
70, 16, 225, 678, 0, 0, 56.03%, 12, 0, 19, 82043.13, 5795056, 897
75, 17, 349, 679, 1, 0, 56.03%, 12, 0, 19, 83056.14, 6213035, 897
80, 18, 506, 682, 0, 0, 56.03%, 12, 0, 20, 83137.19, 6629919, 897
85, 19, 231, 684, 1, 0, 56.03%, 12, 0, 20, 82646.72, 7044145, 897
90, 20, 696, 704, 16, 0, 56.03%, 12, 0, 24, 77228.99, 7437150, 897
95, 21, 246, 711, 4, 0, 56.15%, 12, 0, 26, 80130.33, 7839930, 899
100, 22, 606, 716, 3, 0, 56.59%, 12, 0, 26, 82380.91, 8254724, 906
105, 23, 560, 721, 3, 0, 56.59%, 12, 0, 26, 80458.26, 8657971, 906
110, 25, 399, 721, 0, 0, 56.59%, 12, 0, 26, 81019.40, 9065155, 906
115, 26, 154, 721, 0, 0, 56.59%, 12, 0, 26, 81560.23, 9473926, 906
120, 27, 715, 721, 0, 0, 56.59%, 12, 0, 26, 80443.48, 9874847, 906
125, 28, 727, 731, 2, 0, 56.59%, 12, 0, 26, 76790.61, 10258887, 906
130, 29, 505, 732, 0, 0, 56.59%, 12, 0, 26, 77364.10, 10648862, 906
135, 30, 493, 733, 0, 0, 56.59%, 12, 0, 26, 78350.00, 11042477, 906
140, 31, 388, 733, 0, 0, 56.59%, 12, 0, 26, 78846.27, 11438953, 906
145, 32, 293, 733, 0, 0, 56.59%, 12, 0, 26, 79167.00, 11836445, 906
150, 33, 385, 733, 0, 0, 56.59%, 12, 0, 26, 79797.06, 12234166, 906
155, 34, 363, 733, 0, 0, 56.59%, 13, 0, 26, 78858.76, 12628097, 906
160, 35, 215, 754, 8, 0, 56.59%, 13, 0, 29, 72572.81, 12996594, 906
165, 36, 303, 755, 2, 0, 56.59%, 13, 0, 29, 76247.73, 13381831, 906
170, 37, 344, 755, 1, 0, 56.59%, 13, 0, 29, 77907.26, 13774661, 906
175, 37, 410, 755, 0, 0, 56.59%, 13, 0, 29, 78313.30, 14168032, 906
180, 38, 346, 755, 0, 0, 56.59%, 13, 0, 29, 78355.34, 14559205, 906
185, 39, 495, 757, 1, 0, 56.59%, 13, 0, 29, 76474.08, 14945712, 906
190, 40, 616, 757, 0, 0, 56.59%, 13, 0, 29, 77618.38, 15334333, 906
195, 41, 327, 759, 1, 0, 56.65%, 13, 0, 29, 78125.44, 15728159, 907
200, 42, 89, 763, 0, 0, 56.65%, 13, 0, 29, 77336.57, 16112415, 907
205, 43, 405, 763, 0, 0, 56.65%, 13, 0, 29, 77603.61, 16500063, 907
210, 44, 544, 763, 0, 0, 56.65%, 13, 0, 29, 77900.30, 16892097, 907
215, 45, 186, 763, 0, 0, 56.65%, 13, 0, 29, 77711.91, 17281733, 907
220, 46, 174, 763, 0, 0, 56.65%, 13, 0, 29, 78066.21, 17674255, 907
225, 46, 349, 763, 0, 0, 56.65%, 13, 0, 29, 78210.58, 18066637, 907
231, 47, 225, 763, 0, 0, 56.65%, 13, 0, 29, 77881.47, 18456646, 907
236, 48, 405, 763, 0, 0, 56.65%, 13, 0, 29, 78309.62, 18849919, 907
241, 49, 392, 763, 0, 0, 56.65%, 13, 0, 29, 78168.23, 19241454, 907
246, 50, 695, 763, 0, 0, 56.65%, 13, 0, 29, 77422.66, 19631183, 907
251, 51, 682, 764, 1, 0, 56.65%, 13, 0, 29, 76951.40, 20016135, 907
256, 52, 293, 766, 1, 0, 56.65%, 13, 0, 29, 77118.98, 20402757, 907
261, 53, 260, 767, 2, 0, 56.65%, 13, 0, 29, 77872.32, 20794522, 907
266, 54, 231, 768, 1, 0, 56.65%, 13, 0, 29, 78370.02, 21187855, 907
271, 55, 416, 769, 1, 0, 56.65%, 13, 0, 29, 77463.99, 21575006, 907
276, 55, 514, 769, 0, 0, 56.65%, 13, 0, 29, 76900.52, 21957694, 907
281, 56, 750, 770, 1, 0, 56.65%, 13, 0, 29, 77382.70, 22346570, 907
286, 57, 711, 775, 1, 0, 56.65%, 13, 0, 31, 76098.27, 22723578, 907
291, 58, 495, 775, 1, 0, 56.65%, 13, 0, 31, 76766.78, 23107390, 907
296, 59, 536, 777, 1, 0, 56.65%, 13, 0, 31, 75420.27, 23485855, 907
301, 60, 393, 778, 1, 0, 56.65%, 13, 0, 31, 76745.68, 23872346, 907
306, 61, 315, 784, 5, 0, 56.65%, 13, 0, 31, 75998.23, 24256756, 907
311, 62, 709, 788, 2, 0, 56.65%, 13, 0, 31, 75171.67, 24631118, 907
316, 62, 131, 802, 5, 0, 56.65%, 13, 0, 36, 71570.03, 24990843, 907
321, 63, 390, 803, 1, 0, 56.65%, 13, 0, 36, 74710.33, 25371293, 907
326, 64, 506, 803, 1, 0, 56.65%, 13, 0, 36, 76070.50, 25753682, 907
331, 65, 307, 803, 1, 0, 56.65%, 13, 0, 36, 75941.81, 26137144, 907
336, 66, 312, 803, 0, 0, 56.65%, 14, 0, 36, 76534.15, 26521384, 907
341, 66, 234, 806, 1, 0, 56.65%, 14, 0, 37, 75133.15, 26896714, 907
346, 67, 167, 806, 0, 0, 56.65%, 14, 0, 37, 75516.73, 27276197, 907
351, 68, 419, 807, 1, 0, 56.65%, 14, 0, 37, 75440.84, 27654446, 907
356, 69, 392, 808, 0, 0, 56.65%, 14, 0, 37, 76520.31, 28039941, 907
361, 70, 813, 814, 0, 0, 56.71%, 14, 0, 39, 75016.09, 28410406, 908
366, 70, 231, 814, 0, 0, 56.71%, 14, 0, 39, 75206.10, 28787817, 908
371, 71, 816, 817, 0, 0, 57.03%, 14, 0, 39, 75336.34, 29166734, 913
376, 72, 198, 817, 0, 0, 57.03%, 14, 0, 39, 76051.87, 29551101, 913
381, 73, 392, 817, 0, 0, 57.03%, 14, 0, 39, 74791.28, 29927093, 913
386, 74, 198, 817, 0, 0, 57.03%, 14, 0, 39, 75730.33, 30309742, 913
391, 74, 800, 817, 0, 0, 57.03%, 14, 0, 39, 75876.68, 30691590, 913
396, 75, 107, 817, 0, 0, 57.03%, 14, 0, 39, 76323.02, 31076436, 913
401, 76, 813, 817, 0, 0, 57.03%, 15, 0, 39, 76007.01, 31456707, 913
406, 77, 307, 817, 0, 0, 57.03%, 15, 0, 39, 76453.89, 31841870, 913
411, 77, 768, 817, 0, 0, 57.03%, 15, 0, 39, 76212.40, 32225608, 913
416, 78, 816, 817, 0, 0, 57.03%, 15, 0, 39, 76533.36, 32613676, 913
421, 79, 312, 817, 0, 0, 57.03%, 15, 0, 39, 75921.41, 32997917, 913
426, 80, 814, 817, 0, 0, 57.03%, 15, 0, 39, 75463.42, 33379255, 913
431, 80, 196, 817, 0, 0, 57.03%, 15, 0, 39, 76004.06, 33762352, 913
436, 81, 549, 817, 0, 0, 57.03%, 15, 0, 39, 75833.14, 34143538, 913
441, 82, 579, 818, 0, 0, 57.03%, 15, 0, 39, 76432.74, 34528509, 913
446, 83, 425, 818, 0, 0, 57.03%, 15, 0, 39, 76204.12, 34910837, 913
452, 83, 398, 818, 0, 0, 57.03%, 15, 0, 39, 76433.76, 35296367, 913
457, 84, 610, 818, 0, 0, 57.03%, 15, 0, 39, 74990.33, 35671067, 913
462, 85, 338, 818, 0, 0, 57.03%, 15, 0, 39, 75598.03, 36052763, 913
467, 86, 231, 818, 0, 0, 57.03%, 15, 0, 39, 75334.56, 36434859, 913
472, 86, 205, 818, 0, 0, 57.03%, 15, 0, 39, 75968.30, 36816326, 913
477, 87, 357, 819, 0, 0, 57.03%, 15, 0, 39, 74943.60, 37190979, 913
482, 88, 538, 820, 1, 0, 57.03%, 15, 0, 39, 75468.55, 37570614, 913
487, 88, 320, 821, 0, 0, 57.03%, 15, 0, 40, 76900.86, 37956662, 913
492, 89, 346, 824, 2, 0, 57.03%, 15, 0, 41, 74401.50, 38331002, 913
497, 90, 495, 824, 1, 0, 57.03%, 15, 0, 41, 75236.99, 38711850, 913
502, 90, 156, 826, 0, 0, 57.03%, 15, 0, 42, 73675.86, 39079459, 913
507, 91, 814, 826, 0, 0, 57.03%, 15, 0, 42, 75672.51, 39461982, 913
512, 92, 346, 826, 0, 0, 57.03%, 15, 0, 42, 76908.16, 39848781, 913
517, 93, 349, 826, 0, 0, 57.03%, 15, 0, 42, 75562.39, 40228058, 913
522, 93, 338, 826, 0, 0, 57.03%, 15, 0, 42, 75482.16, 40606351, 913
527, 94, 558, 826, 0, 0, 57.03%, 15, 0, 42, 75124.52, 40987663, 913
532, 95, 714, 826, 0, 0, 57.03%, 15, 0, 42, 77131.02, 41376810, 913
537, 95, 792, 826, 0, 0, 57.03%, 15, 0, 42, 76389.38, 41755668, 913
542, 96, 346, 826, 0, 0, 57.03%, 15, 0, 42, 75585.23, 42135880, 913
547, 97, 753, 826, 0, 0, 57.03%, 15, 0, 42, 75506.09, 42518209, 913
552, 98, 811, 826, 0, 0, 57.03%, 15, 0, 42, 74202.73, 42891662, 913
557, 98, 293, 826, 0, 0, 57.03%, 15, 0, 42, 74877.28, 43269357, 913
562, 99, 431, 827, 0, 0, 57.03%, 15, 0, 42, 74841.85, 43648464, 913
567, 100, 495, 827, 0, 0, 57.03%, 16, 0, 42, 74953.71, 44025931, 913
572, 101, 398, 827, 0, 0, 57.03%, 16, 0, 42, 76999.38, 44414067, 913
577, 101, 344, 827, 0, 0, 57.03%, 16, 0, 42, 76305.88, 44799990, 913
582, 102, 813, 828, 1, 0, 57.03%, 16, 0, 42, 76550.97, 45183516, 913
587, 103, 705, 828, 0, 0, 57.03%, 16, 0, 42, 75632.43, 45563255, 913
592, 104, 794, 828, 0, 0, 57.03%, 16, 0, 42, 76150.03, 45947062, 913
597, 104, 610, 828, 0, 0, 57.03%, 16, 0, 42, 76804.24, 46332353, 913
602, 105, 709, 839, 7, 0, 57.03%, 16, 0, 42, 64293.67, 46658549, 913
607, 105, 506, 854, 11, 0, 57.03%, 16, 0, 42, 53154.25, 46916653, 913
612, 106, 885, 887, 34, 0, 57.03%, 16, 0, 42, 5910.99, 47053434, 913
617, 106, 880, 887, 20, 0, 57.03%, 16, 0, 42, 4088.99, 47163990, 913
623, 106, 887, 890, 7, 0, 57.03%, 16, 0, 42, 28821.85, 47308274, 913
628, 106, 884, 897, 5, 0, 57.03%, 16, 0, 42, 46078.70, 47555340, 913
633, 106, 816, 897, 1, 0, 57.03%, 16, 0, 42, 50385.80, 47810198, 913
638, 107, 685, 906, 6, 0, 57.03%, 16, 0, 42, 51173.64, 48075907, 913
643, 107, 911, 918, 11, 0, 57.03%, 16, 0, 44, 43803.46, 48273311, 913
648, 107, 900, 922, 6, 0, 57.03%, 16, 0, 44, 45738.13, 48499010, 913
653, 108, 715, 924, 4, 0, 57.03%, 16, 0, 44, 50277.88, 48761633, 913
658, 108, 144, 929, 2, 0, 57.03%, 16, 0, 46, 54161.80, 48951401, 913
663, 108, 377, 930, 1, 0, 57.03%, 16, 0, 46, 54108.14, 49220148, 913
668, 108, 597, 930, 1, 0, 57.03%, 16, 0, 46, 54669.90, 49494468, 913
674, 109, 495, 931, 2, 0, 57.03%, 16, 0, 46, 51639.09, 49753058, 913
679, 109, 412, 932, 1, 0, 57.03%, 16, 0, 46, 54870.63, 50031849, 913
684, 109, 527, 933, 1, 0, 57.03%, 16, 0, 46, 52774.59, 50295866, 913
689, 110, 820, 935, 2, 0, 57.03%, 16, 0, 46, 52405.91, 50561864, 913
694, 110, 359, 935, 2, 0, 57.03%, 16, 0, 46, 52124.69, 50824833, 913
699, 110, 813, 937, 0, 0, 57.03%, 16, 0, 46, 48943.51, 51062083, 913
704, 111, 139, 939, 1, 0, 57.03%, 16, 0, 46, 51116.83, 51319839, 913
709, 111, 723, 941, 1, 0, 57.03%, 16, 0, 46, 52028.94, 51585088, 913
714, 111, 296, 943, 1, 0, 57.03%, 16, 0, 46, 51512.77, 51849586, 913
719, 112, 443, 943, 0, 0, 57.03%, 16, 0, 46, 52772.99, 52116765, 913
724, 112, 127, 943, 0, 0, 57.03%, 16, 0, 46, 51780.16, 52378000, 913
729, 112, 784, 947, 4, 0, 57.03%, 16, 0, 46, 53658.30, 52651012, 913
734, 113, 561, 954, 5, 0, 57.03%, 16, 0, 46, 50167.99, 52900740, 913
739, 113, 715, 955, 4, 0, 57.03%, 16, 0, 46, 50899.58, 53159300, 913
744, 113, 958, 961, 8, 0, 57.03%, 16, 0, 46, 50259.80, 53420603, 913
749, 114, 403, 963, 2, 0, 57.03%, 16, 0, 46, 46961.88, 53657920, 913
755, 114, 913, 964, 1, 0, 57.03%, 16, 0, 46, 44840.64, 53902231, 913
760, 114, 356, 966, 2, 0, 57.03%, 16, 0, 46, 49740.65, 54165855, 913
765, 114, 440, 970, 2, 0, 57.03%, 16, 0, 46, 50175.16, 54423039, 913
770, 115, 196, 971, 1, 0, 57.03%, 16, 0, 46, 50615.33, 54676192, 913
775, 115, 660, 971, 0, 0, 57.03%, 16, 0, 46, 52582.06, 54938899, 913
780, 115, 508, 971, 0, 0, 57.03%, 16, 0, 46, 52924.37, 55205353, 913
785, 116, 307, 971, 0, 0, 57.03%, 16, 0, 46, 52597.49, 55470844, 913
790, 116, 276, 972, 1, 0, 57.03%, 16, 0, 46, 53568.54, 55739002, 913
795, 116, 349, 973, 0, 0, 57.03%, 16, 0, 46, 42399.46, 55926738, 913
800, 117, 286, 974, 1, 0, 57.03%, 16, 0, 46, 50968.53, 56192552, 913
805, 117, 825, 974, 0, 0, 57.03%, 16, 0, 46, 53241.66, 56464287, 913
810, 117, 315, 974, 0, 0, 57.03%, 16, 0, 46, 51017.38, 56721163, 913
815, 117, 813, 975, 1, 0, 57.03%, 16, 0, 46, 50984.40, 56977355, 913
820, 118, 349, 979, 1, 0, 57.03%, 16, 0, 46, 48666.91, 57213881, 913
826, 118, 983, 984, 2, 0, 57.03%, 16, 0, 46, 49057.46, 57471623, 913
831, 118, 205, 987, 0, 0, 57.03%, 16, 0, 46, 45929.88, 57691258, 913
836, 118, 64, 987, 0, 0, 57.03%, 16, 0, 46, 49718.05, 57950143, 913
841, 119, 293, 989, 1, 0, 57.03%, 16, 0, 46, 51005.71, 58207947, 913
846, 119, 262, 989, 0, 0, 57.03%, 16, 0, 46, 49692.68, 58459159, 913
851, 119, 989, 990, 1, 0, 57.03%, 16, 0, 46, 49188.74, 58713340, 913
856, 120, 428, 990, 0, 0, 57.03%, 16, 0, 46, 49070.76, 58959930, 913
861, 120, 641, 990, 0, 0, 57.03%, 16, 0, 46, 50364.78, 59214700, 913
866, 120, 186, 990, 0, 0, 57.03%, 16, 0, 46, 50908.67, 59474603, 913
871, 120, 388, 990, 0, 0, 57.03%, 16, 0, 46, 50456.24, 59728188, 913
876, 121, 610, 990, 0, 0, 57.03%, 16, 0, 46, 52372.31, 59993816, 913
881, 121, 610, 991, 0, 0, 57.03%, 16, 0, 46, 52024.92, 60254734, 913
887, 121, 360, 991, 0, 0, 57.03%, 16, 0, 46, 52518.77, 60522990, 913
892, 121, 215, 991, 0, 0, 57.03%, 16, 0, 46, 52285.16, 60785979, 913
897, 122, 903, 991, 0, 0, 57.03%, 16, 0, 46, 51126.10, 61044942, 913
902, 122, 487, 991, 0, 0, 57.03%, 16, 0, 46, 50088.57, 61300003, 913
907, 122, 411, 991, 0, 0, 57.03%, 16, 0, 46, 50199.11, 61554285, 913
912, 123, 387, 991, 0, 0, 57.03%, 17, 0, 46, 50035.68, 61806855, 913
917, 123, 989, 991, 0, 0, 57.03%, 17, 0, 46, 48791.72, 62058820, 913
922, 123, 714, 991, 0, 0, 57.03%, 17, 0, 46, 51945.26, 62325405, 913
927, 123, 985, 991, 0, 0, 57.03%, 17, 0, 46, 51123.36, 62585124, 913
932, 124, 577, 991, 0, 0, 57.03%, 17, 0, 46, 50663.81, 62841364, 913
937, 124, 703, 991, 0, 0, 57.03%, 17, 0, 46, 52166.73, 63105648, 913
942, 124, 544, 991, 0, 0, 57.03%, 17, 0, 46, 51371.91, 63359737, 913
947, 125, 388, 992, 1, 0, 57.03%, 17, 0, 46, 51536.93, 63618761, 913
952, 125, 378, 995, 0, 0, 57.03%, 17, 0, 46, 51350.00, 63792980, 913
957, 125, 791, 995, 0, 0, 57.03%, 17, 0, 46, 51224.13, 64049845, 913
963, 125, 484, 995, 0, 0, 57.03%, 17, 0, 46, 49892.24, 64300512, 913
968, 125, 349, 995, 0, 0, 57.03%, 17, 0, 46, 50142.68, 64550712, 913
973, 126, 610, 996, 1, 0, 57.03%, 17, 0, 46, 50709.28, 64806207, 913
978, 126, 674, 996, 0, 0, 57.03%, 17, 0, 46, 50502.47, 65057669, 913
983, 126, 757, 996, 0, 0, 57.03%, 17, 0, 46, 49542.51, 65307858, 913
988, 127, 610, 996, 0, 0, 57.03%, 17, 0, 46, 50671.01, 65563082, 913
993, 127, 237, 996, 0, 0, 57.03%, 17, 0, 46, 50610.44, 65822046, 913
998, 127, 616, 996, 0, 0, 57.03%, 17, 0, 46, 50007.01, 66075152, 913
1003, 127, 599, 997, 0, 0, 57.03%, 17, 0, 46, 50524.78, 66335153, 913
1008, 128, 907, 1002, 2, 0, 57.03%, 17, 0, 46, 44059.94, 66543484, 913
1013, 128, 616, 1002, 1, 0, 57.03%, 17, 0, 46, 48990.01, 66771171, 913
1018, 128, 868, 1002, 0, 0, 57.03%, 17, 0, 46, 43705.60, 66975055, 913
1023, 128, 735, 1002, 0, 0, 57.03%, 17, 0, 46, 48612.76, 67226567, 913
1028, 129, 566, 1002, 0, 0, 57.03%, 17, 0, 46, 50251.43, 67482687, 913
1033, 129, 238, 1002, 0, 0, 57.03%, 17, 0, 46, 50530.32, 67738416, 913
1039, 129, 158, 1002, 0, 0, 57.03%, 17, 0, 46, 48897.35, 67984914, 913
1044, 129, 360, 1003, 0, 0, 57.03%, 17, 0, 46, 50337.12, 68235239, 913
1049, 130, 343, 1005, 1, 0, 57.03%, 17, 0, 46, 50009.39, 68490486, 913
1054, 130, 260, 1006, 1, 0, 57.03%, 17, 0, 46, 49539.07, 68738935, 913
1059, 130, 1005, 1006, 0, 0, 57.03%, 17, 0, 46, 49113.13, 68985649, 913
1064, 130, 616, 1006, 0, 0, 57.03%, 17, 0, 46, 50345.49, 69239693, 913
1069, 131, 270, 1006, 0, 0, 57.03%, 17, 0, 46, 47911.27, 69480412, 913
1074, 131, 875, 1007, 1, 0, 57.03%, 17, 0, 46, 48631.52, 69729023, 913
1079, 131, 166, 1007, 1, 0, 57.03%, 17, 0, 46, 49522.77, 69979837, 913
1084, 131, 679, 1008, 0, 0, 57.03%, 17, 0, 46, 48947.03, 70227510, 913
1089, 131, 393, 1009, 0, 0, 57.03%, 17, 0, 46, 53015.60, 70445521, 913
1094, 132, 457, 1009, 0, 0, 57.03%, 17, 0, 46, 49576.20, 70692158, 913
1099, 132, 387, 1009, 0, 0, 57.03%, 17, 0, 46, 48512.38, 70932964, 913
1104, 132, 3, 1011, 0, 0, 57.03%, 17, 0, 46, 48231.78, 71177576, 913
1109, 132, 360, 1011, 0, 0, 57.03%, 17, 0, 46, 49702.41, 71431498, 913
1115, 133, 95, 1011, 0, 0, 57.03%, 17, 0, 46, 50040.84, 71685191, 913
1120, 133, 344, 1012, 0, 0, 57.03%, 17, 0, 46, 46959.51, 71924581, 913
1125, 133, 344, 1012, 0, 0, 57.03%, 17, 0, 46, 49970.54, 72177983, 913
1130, 133, 359, 1013, 1, 0, 57.03%, 17, 0, 46, 48578.43, 72425837, 913
1135, 134, 698, 1013, 1, 0, 57.03%, 17, 0, 46, 50357.36, 72678903, 913
1140, 134, 398, 1014, 2, 0, 57.03%, 17, 0, 46, 48887.24, 72925063, 913
1145, 134, 348, 1014, 1, 0, 57.03%, 17, 0, 46, 49049.01, 73173636, 913
1150, 134, 486, 1014, 1, 0, 57.03%, 17, 0, 46, 49635.60, 73422429, 913
1155, 135, 676, 1014, 1, 0, 57.03%, 17, 0, 46, 49730.25, 73673929, 913
1160, 135, 303, 1015, 0, 0, 57.03%, 17, 0, 46, 47853.07, 73918133, 913
1165, 135, 499, 1015, 0, 0, 57.03%, 17, 0, 46, 50162.13, 74175795, 913
1170, 135, 241, 1015, 0, 0, 57.03%, 17, 0, 46, 48543.55, 74419691, 913
1175, 136, 346, 1015, 0, 0, 57.03%, 17, 0, 46, 49638.74, 74671541, 913
1180, 136, 969, 1015, 0, 0, 57.03%, 17, 0, 46, 49782.72, 74923359, 913
1185, 136, 545, 1015, 0, 0, 57.03%, 17, 0, 46, 51219.36, 75179796, 913
1190, 136, 251, 1015, 0, 0, 57.03%, 17, 0, 46, 49751.37, 75424910, 913
1195, 137, 312, 1015, 0, 0, 57.03%, 17, 0, 46, 48814.91, 75668571, 913
1200, 137, 349, 1015, 0, 0, 57.03%, 17, 0, 46, 49515.32, 75919381, 913
1205, 137, 388, 1015, 0, 0, 57.03%, 17, 0, 46, 49780.82, 76174126, 913
1210, 137, 74, 1015, 0, 0, 57.03%, 17, 0, 46, 48879.98, 76419794, 913
1216, 138, 388, 1015, 0, 0, 57.03%, 17, 0, 46, 49801.52, 76668331, 913
1221, 138, 781, 1015, 0, 0, 57.03%, 17, 0, 46, 48746.43, 76919739, 913
1226, 138, 538, 1015, 0, 0, 57.03%, 17, 0, 46, 51218.70, 77178834, 913
1231, 138, 388, 1015, 0, 0, 57.03%, 17, 0, 46, 48097.80, 77421745, 913
1236, 139, 117, 1015, 0, 0, 57.03%, 17, 0, 46, 46930.23, 77662516, 913
1241, 139, 349, 1015, 0, 0, 57.03%, 17, 0, 46, 49312.07, 77916237, 913
1246, 139, 905, 1015, 0, 0, 57.03%, 17, 0, 46, 50548.57, 78171503, 913
1251, 139, 344, 1015, 0, 0, 57.03%, 17, 0, 46, 50114.02, 78427124, 913
1256, 140, 201, 1015, 0, 0, 57.03%, 17, 0, 46, 48782.49, 78672768, 913
1261, 140, 714, 1016, 1, 0, 57.03%, 17, 0, 46, 48821.53, 78919757, 913
1266, 140, 390, 1018, 1, 0, 57.03%, 17, 0, 46, 43307.46, 79137171, 913
1271, 140, 1007, 1018, 0, 0, 57.03%, 17, 0, 46, 45819.82, 79372748, 913
1276, 141, 231, 1018, 0, 0, 57.03%, 17, 0, 46, 49049.39, 79625250, 913
1281, 141, 225, 1018, 0, 0, 57.03%, 17, 0, 46, 47007.67, 79863651, 913
1286, 141, 339, 1018, 0, 0, 57.03%, 17, 0, 46, 50192.20, 80120875, 913
1291, 141, 1004, 1018, 0, 0, 57.03%, 17, 0, 46, 48686.54, 80370289, 913
1296, 142, 388, 1018, 0, 0, 57.03%, 17, 0, 46, 49183.56, 80619531, 913
1302, 142, 416, 1019, 0, 0, 57.03%, 17, 0, 46, 46928.84, 80843328, 913
1307, 142, 231, 1019, 0, 0, 57.03%, 17, 0, 46, 47074.82, 81088545, 913
1312, 142, 151, 1019, 0, 0, 57.03%, 17, 0, 46, 46284.58, 81324587, 913
1317, 142, 679, 1019, 0, 0, 57.03%, 17, 0, 46, 47540.51, 81570621, 913
1322, 143, 392, 1019, 0, 0, 57.03%, 17, 0, 46, 47559.51, 81811562, 913
1327, 143, 630, 1019, 0, 0, 57.03%, 17, 0, 46, 48330.90, 82056820, 913
1332, 143, 296, 1019, 0, 0, 57.03%, 17, 0, 46, 48724.56, 82306688, 913
1337, 144, 837, 1019, 0, 0, 57.03%, 17, 0, 46, 47133.72, 82547226, 913
1342, 144, 966, 1019, 0, 0, 57.03%, 17, 0, 46, 48341.75, 82792043, 913
1347, 144, 389, 1019, 0, 0, 57.03%, 17, 0, 46, 47287.24, 83027167, 913
1352, 144, 937, 1019, 0, 0, 57.03%, 17, 0, 46, 48458.72, 83274394, 913
1357, 144, 296, 1019, 0, 0, 57.03%, 17, 0, 46, 49223.19, 83524160, 913
1362, 145, 742, 1019, 0, 0, 57.03%, 17, 0, 46, 48087.13, 83768595, 913
1368, 145, 89, 1019, 0, 0, 57.03%, 17, 0, 46, 48199.39, 84019511, 913
1373, 145, 1013, 1019, 0, 0, 57.03%, 17, 0, 46, 49701.82, 84271092, 913
1378, 145, 315, 1019, 0, 0, 57.03%, 17, 0, 46, 48880.57, 84516660, 913
1383, 146, 393, 1019, 0, 0, 57.03%, 17, 0, 46, 49272.01, 84767348, 913
1388, 146, 616, 1019, 0, 0, 57.03%, 17, 0, 46, 49389.90, 85014325, 913
1393, 146, 1011, 1019, 0, 0, 57.03%, 17, 0, 46, 49624.27, 85263398, 913
1398, 146, 1002, 1019, 0, 0, 57.03%, 17, 0, 46, 48766.19, 85510141, 913
1403, 147, 163, 1019, 0, 0, 57.03%, 17, 0, 46, 49587.17, 85762708, 913
1408, 147, 717, 1019, 0, 0, 57.03%, 17, 0, 46, 48621.41, 86012091, 913
1413, 147, 303, 1019, 0, 0, 57.03%, 17, 0, 46, 47416.77, 86248283, 913
1418, 147, 3, 1019, 0, 0, 57.03%, 17, 0, 46, 48704.67, 86495167, 913
1423, 148, 952, 1019, 0, 0, 57.03%, 17, 0, 46, 48449.47, 86742258, 913
1428, 148, 220, 1019, 0, 0, 57.03%, 17, 0, 46, 48770.89, 86988528, 913
1433, 148, 976, 1019, 0, 0, 57.03%, 17, 0, 46, 48891.71, 87234681, 913
1438, 148, 648, 1019, 0, 0, 57.03%, 17, 0, 46, 47908.07, 87479894, 913
1443, 149, 385, 1019, 0, 0, 57.03%, 17, 0, 46, 48231.22, 87726416, 913
1448, 149, 756, 1019, 0, 0, 57.03%, 17, 0, 46, 48316.11, 87971800, 913
1453, 149, 610, 1019, 0, 0, 57.03%, 17, 0, 46, 49273.62, 88219926, 913
1458, 149, 917, 1019, 0, 0, 57.03%, 17, 0, 46, 49141.48, 88465036, 913
1464, 150, 133, 1020, 0, 0, 57.03%, 17, 0, 46, 49247.29, 88714810, 913
1469, 150, 157, 1020, 0, 0, 57.03%, 17, 0, 46, 48171.77, 88957824, 913
1474, 150, 416, 1020, 0, 0, 57.03%, 17, 0, 46, 49290.08, 89201650, 913
1479, 150, 344, 1020, 0, 0, 57.03%, 17, 0, 46, 49888.55, 89457679, 913
1484, 151, 816, 1020, 0, 0, 57.03%, 17, 0, 46, 49662.28, 89706614, 913
1489, 151, 387, 1020, 0, 0, 57.03%, 17, 0, 46, 49734.99, 89955614, 913
1494, 151, 756, 1020, 0, 0, 57.03%, 17, 0, 46, 49195.25, 90204526, 913
1499, 151, 717, 1020, 0, 0, 57.03%, 17, 0, 46, 48513.91, 90444099, 913
1504, 152, 882, 1021, 0, 0, 57.03%, 17, 0, 46, 47826.32, 90685348, 913
1509, 152, 913, 1021, 0, 0, 57.03%, 17, 0, 46, 47714.73, 90931398, 913
1514, 152, 231, 1021, 0, 0, 57.03%, 17, 0, 46, 47402.51, 91170335, 913
1519, 152, 545, 1021, 0, 0, 57.03%, 17, 0, 46, 47674.05, 91410698, 913
1524, 153, 349, 1021, 0, 0, 57.03%, 17, 0, 46, 48884.46, 91660757, 913
1529, 153, 700, 1022, 0, 0, 57.03%, 17, 0, 46, 47676.18, 91903038, 913
1534, 153, 503, 1022, 0, 0, 57.03%, 17, 0, 46, 48756.15, 92153173, 913
1539, 153, 994, 1022, 0, 0, 57.03%, 17, 0, 46, 48698.31, 92401714, 913
1544, 154, 884, 1022, 0, 0, 57.03%, 17, 0, 46, 48203.73, 92646107, 913
1549, 154, 344, 1022, 0, 0, 57.03%, 17, 0, 46, 47990.49, 92886500, 913
1554, 154, 542, 1027, 4, 0, 57.03%, 17, 0, 46, 45481.43, 93119278, 913
1560, 154, 1029, 1032, 3, 0, 57.03%, 17, 0, 46, 41915.87, 93337772, 913
1565, 155, 84, 1032, 0, 0, 57.03%, 17, 0, 46, 47271.33, 93581927, 913
1570, 155, 343, 1032, 0, 0, 57.03%, 17, 0, 46, 47181.84, 93818375, 913
1575, 155, 348, 1032, 0, 0, 57.03%, 17, 0, 46, 47216.51, 94057966, 913
1580, 155, 231, 1032, 0, 0, 57.03%, 17, 0, 46, 48234.06, 94304693, 913
1585, 155, 993, 1032, 0, 0, 57.03%, 17, 0, 46, 47293.01, 94544851, 913
1590, 156, 152, 1032, 0, 0, 57.03%, 17, 0, 46, 48358.55, 94790057, 913
1595, 156, 63, 1032, 0, 0, 57.03%, 17, 0, 46, 47979.89, 95032716, 913
1600, 156, 797, 1032, 0, 0, 57.03%, 17, 0, 46, 47867.37, 95279280, 913
1605, 156, 673, 1032, 0, 0, 57.03%, 17, 0, 46, 49262.75, 95527688, 913
1610, 157, 417, 1032, 0, 0, 57.03%, 17, 0, 46, 49565.57, 95773164, 913
1615, 157, 33, 1032, 0, 0, 57.03%, 17, 0, 46, 49453.39, 96022450, 913
1620, 157, 909, 1032, 0, 0, 57.03%, 17, 0, 46, 49350.79, 96270635, 913
1625, 157, 786, 1032, 0, 0, 57.03%, 17, 0, 46, 48425.98, 96514222, 913
1630, 158, 608, 1032, 0, 0, 57.03%, 17, 0, 46, 47886.82, 96757098, 913
1636, 158, 816, 1032, 0, 0, 57.03%, 17, 0, 46, 48442.58, 97002035, 913
1641, 158, 716, 1032, 0, 0, 57.03%, 17, 0, 46, 49958.72, 97254486, 913
1646, 158, 405, 1032, 0, 0, 57.03%, 17, 0, 46, 48467.42, 97500050, 913
1651, 159, 63, 1032, 0, 0, 57.03%, 17, 0, 46, 46876.23, 97737636, 913
1656, 159, 326, 1033, 0, 0, 57.03%, 17, 0, 46, 48429.50, 97984070, 913
1661, 159, 872, 1033, 0, 0, 57.03%, 17, 0, 46, 46961.96, 98219951, 913
1666, 159, 875, 1033, 0, 0, 57.03%, 17, 0, 46, 48302.49, 98464945, 913
1671, 160, 813, 1033, 0, 0, 57.03%, 17, 0, 46, 48492.13, 98711147, 913
1676, 160, 398, 1033, 0, 0, 57.03%, 17, 0, 46, 47040.20, 98945363, 913
1681, 160, 505, 1033, 0, 0, 57.03%, 17, 0, 46, 46977.43, 99184806, 913
1686, 160, 457, 1033, 0, 0, 57.03%, 17, 0, 46, 47324.11, 99425152, 913
1691, 160, 782, 1033, 0, 0, 57.03%, 17, 0, 46, 48437.40, 99671022, 913
1696, 161, 984, 1033, 0, 0, 57.03%, 17, 0, 46, 48972.61, 99915502, 913
1701, 161, 151, 1033, 0, 0, 57.03%, 17, 0, 46, 46789.99, 100151383, 913
1706, 161, 103, 1033, 0, 0, 57.03%, 17, 0, 46, 46728.73, 100387245, 913
1711, 161, 500, 1033, 0, 0, 57.03%, 17, 0, 46, 47940.66, 100629483, 913
1717, 162, 715, 1033, 0, 0, 57.03%, 17, 0, 46, 48098.53, 100875496, 913
1722, 162, 905, 1033, 0, 0, 57.03%, 17, 0, 46, 47026.15, 101113024, 913
1727, 162, 931, 1033, 0, 0, 57.03%, 17, 0, 46, 47142.50, 101351939, 913
1732, 162, 610, 1033, 0, 0, 57.03%, 17, 0, 46, 48470.92, 101596147, 913
1737, 163, 392, 1033, 0, 0, 57.03%, 17, 0, 46, 48857.28, 101843609, 913
1742, 163, 757, 1033, 0, 0, 57.03%, 17, 0, 46, 48919.92, 102090182, 913
1747, 163, 425, 1034, 1, 0, 57.03%, 17, 0, 46, 47528.64, 102330803, 913
1752, 163, 788, 1036, 0, 0, 57.03%, 17, 0, 46, 44384.18, 102553186, 913
1757, 164, 197, 1036, 0, 0, 57.03%, 17, 0, 46, 48694.91, 102806045, 913
1762, 164, 339, 1036, 0, 0, 57.03%, 17, 0, 46, 48007.35, 103049949, 913
1767, 164, 327, 1036, 0, 0, 57.03%, 17, 0, 46, 47985.90, 103294727, 913
1772, 164, 915, 1036, 0, 0, 57.03%, 17, 0, 46, 48565.12, 103539450, 913
1777, 165, 434, 1036, 0, 0, 57.03%, 17, 0, 46, 47130.02, 103775638, 913
1782, 165, 392, 1036, 0, 0, 57.03%, 17, 0, 46, 47325.28, 104014021, 913
1788, 165, 286, 1036, 0, 0, 57.03%, 17, 0, 46, 48393.77, 104256650, 913
1793, 165, 348, 1036, 0, 0, 57.03%, 17, 0, 46, 46859.71, 104494712, 913
1798, 165, 359, 1036, 0, 0, 57.03%, 17, 0, 46, 47108.27, 104732972, 913
1803, 166, 752, 1036, 0, 0, 57.03%, 17, 0, 46, 47499.55, 104970495, 913
1808, 166, 373, 1036, 0, 0, 57.03%, 17, 0, 46, 48479.57, 105216052, 913
1813, 166, 1020, 1036, 0, 0, 57.03%, 17, 0, 46, 48439.52, 105462305, 913
1818, 166, 393, 1036, 0, 0, 57.03%, 17, 0, 46, 47354.28, 105703075, 913
1823, 167, 346, 1036, 0, 0, 57.03%, 17, 0, 46, 46551.54, 105941587, 913
1828, 167, 360, 1036, 0, 0, 57.03%, 17, 0, 46, 48160.64, 106184645, 913
1833, 167, 408, 1036, 0, 0, 57.03%, 17, 0, 46, 46468.29, 106418606, 913
1838, 167, 699, 1036, 0, 0, 57.03%, 17, 0, 46, 46662.05, 106653992, 913
1843, 168, 717, 1036, 0, 0, 57.03%, 17, 0, 46, 47675.88, 106894853, 913
1848, 168, 877, 1036, 0, 0, 57.03%, 17, 0, 46, 47583.88, 107134932, 913
1854, 168, 1036, 1037, 1, 0, 57.03%, 17, 0, 46, 1797.80, 107340160, 913
1859, 168, 231, 1038, 0, 0, 57.03%, 17, 0, 46, 47075.07, 107493709, 913
1864, 168, 388, 1038, 0, 0, 57.03%, 17, 0, 46, 47573.63, 107735712, 913
1869, 169, 849, 1038, 0, 0, 57.03%, 17, 0, 46, 46211.82, 107964364, 913
1874, 169, 860, 1038, 0, 0, 57.03%, 17, 0, 46, 46661.89, 108197113, 913
1879, 169, 764, 1038, 0, 0, 57.03%, 17, 0, 46, 48737.39, 108446897, 913
1884, 169, 441, 1038, 0, 0, 57.03%, 17, 0, 46, 45396.48, 108672984, 913
1889, 170, 924, 1038, 0, 0, 57.03%, 17, 0, 46, 45660.28, 108903147, 913
1894, 170, 616, 1038, 0, 0, 57.03%, 17, 0, 46, 46975.77, 109139256, 913
1899, 170, 303, 1038, 0, 0, 57.03%, 17, 0, 46, 47009.58, 109375291, 913
1904, 170, 231, 1038, 0, 0, 57.03%, 17, 0, 46, 46343.34, 109613060, 913
1909, 170, 95, 1038, 0, 0, 57.03%, 17, 0, 46, 47819.59, 109856501, 913
1914, 171, 344, 1038, 0, 0, 57.03%, 17, 0, 46, 45346.58, 110085924, 913
1920, 171, 174, 1038, 0, 0, 57.03%, 17, 0, 46, 43748.36, 110309740, 913
1925, 171, 1028, 1038, 0, 0, 57.03%, 17, 0, 46, 45185.15, 110539637, 913
1930, 171, 408, 1038, 0, 0, 57.03%, 17, 0, 46, 46104.47, 110776156, 913
1935, 172, 911, 1038, 0, 0, 57.03%, 17, 0, 46, 47874.61, 111014707, 913
1940, 172, 722, 1038, 0, 0, 57.03%, 17, 0, 46, 47516.29, 111257624, 913
1945, 172, 1035, 1038, 0, 0, 57.03%, 17, 0, 46, 45947.88, 111492874, 913
1950, 172, 610, 1038, 0, 0, 57.03%, 17, 0, 46, 47568.91, 111738909, 913
1955, 173, 360, 1038, 0, 0, 57.03%, 17, 0, 46, 46813.23, 111974820, 913
1960, 173, 1026, 1038, 0, 0, 57.03%, 17, 0, 46, 46690.53, 112216644, 913
1965, 173, 315, 1038, 0, 0, 57.03%, 17, 0, 46, 47151.40, 112450276, 913
1970, 173, 332, 1038, 0, 0, 57.03%, 17, 0, 46, 48531.05, 112694045, 913
1975, 173, 816, 1038, 0, 0, 57.03%, 17, 0, 46, 46287.24, 112925191, 913
1980, 174, 883, 1038, 0, 0, 57.03%, 17, 0, 46, 47351.77, 113164221, 913
1986, 174, 714, 1039, 1, 0, 57.03%, 17, 0, 46, 47047.09, 113404129, 913
1991, 174, 346, 1039, 1, 0, 57.03%, 17, 0, 46, 46815.45, 113640554, 913
1996, 174, 904, 1039, 1, 0, 57.03%, 17, 0, 46, 44784.12, 113865177, 913
2001, 175, 650, 1039, 1, 0, 57.03%, 17, 0, 46, 48192.85, 114111159, 913
2006, 175, 644, 1039, 1, 0, 57.03%, 17, 0, 46, 47895.17, 114353586, 913
2011, 175, 576, 1039, 0, 0, 57.03%, 17, 0, 46, 46525.02, 114583509, 913
2016, 175, 496, 1039, 0, 0, 57.03%, 17, 0, 46, 48695.00, 114835888, 913
2021, 176, 1023, 1039, 0, 0, 57.03%, 17, 0, 46, 48035.29, 115077179, 913
2026, 176, 862, 1039, 0, 0, 57.03%, 17, 0, 46, 47393.55, 115311774, 913
2031, 176, 715, 1039, 0, 0, 57.03%, 17, 0, 46, 46742.92, 115543788, 913
2036, 176, 594, 1039, 0, 0, 57.03%, 17, 0, 46, 46910.86, 115783675, 913
2041, 176, 1021, 1039, 0, 0, 57.03%, 17, 0, 46, 47484.07, 116024927, 913
2046, 177, 709, 1039, 0, 0, 57.03%, 17, 0, 46, 45566.32, 116250612, 913
2051, 177, 205, 1039, 0, 0, 57.03%, 17, 0, 46, 47463.53, 116495124, 913
2057, 177, 904, 1039, 0, 0, 57.03%, 17, 0, 46, 45897.58, 116722126, 913
2062, 177, 385, 1039, 0, 0, 57.03%, 17, 0, 46, 45782.69, 116952280, 913
2067, 178, 197, 1039, 0, 0, 57.03%, 17, 0, 46, 44718.46, 117183972, 913
2072, 178, 726, 1039, 0, 0, 57.03%, 17, 0, 46, 46090.60, 117415583, 913
2077, 178, 349, 1039, 0, 0, 57.03%, 17, 0, 46, 46791.01, 117648274, 913
2082, 178, 623, 1039, 0, 0, 57.03%, 17, 0, 46, 46300.37, 117879751, 913
2087, 178, 296, 1039, 0, 0, 57.03%, 17, 0, 46, 46226.81, 118114247, 913
2092, 179, 407, 1039, 0, 0, 57.03%, 17, 0, 46, 44666.87, 118344707, 913
2097, 179, 431, 1039, 0, 0, 57.03%, 17, 0, 46, 47443.08, 118589736, 913
2102, 179, 944, 1039, 0, 0, 57.03%, 17, 0, 46, 45791.74, 118824152, 913
2107, 179, 375, 1039, 0, 0, 57.03%, 17, 0, 46, 45278.08, 119054601, 913
2112, 180, 205, 1039, 0, 0, 57.03%, 17, 0, 46, 45051.55, 119280717, 913
2117, 180, 990, 1039, 0, 0, 57.03%, 17, 0, 46, 47683.56, 119524862, 913
2122, 180, 961, 1039, 0, 0, 57.03%, 17, 0, 46, 46442.32, 119763535, 913
2128, 180, 167, 1039, 0, 0, 57.03%, 17, 0, 46, 47205.03, 120009429, 913
2133, 181, 2, 1039, 0, 0, 57.03%, 17, 0, 46, 46129.50, 120245073, 913
2138, 181, 682, 1039, 0, 0, 57.03%, 17, 0, 46, 47896.13, 120491268, 913
2143, 181, 564, 1039, 0, 0, 57.03%, 17, 0, 46, 47900.24, 120735700, 913
2148, 181, 207, 1039, 0, 0, 57.03%, 17, 0, 46, 49557.36, 120985304, 913
2153, 182, 723, 1039, 0, 0, 57.03%, 17, 0, 46, 49043.78, 121227587, 913
2158, 182, 171, 1039, 0, 0, 57.03%, 17, 0, 46, 46397.61, 121463115, 913
2163, 182, 814, 1039, 0, 0, 57.03%, 17, 0, 46, 47008.23, 121702296, 913
2168, 182, 750, 1039, 0, 0, 57.03%, 18, 0, 46, 45333.18, 121931062, 913
2173, 182, 519, 1039, 0, 0, 57.03%, 18, 0, 46, 48120.13, 122175360, 913
2178, 183, 346, 1039, 0, 0, 57.03%, 18, 0, 46, 45817.64, 122405278, 913
2183, 183, 327, 1039, 0, 0, 57.03%, 18, 0, 46, 45274.85, 122639918, 913
2188, 183, 346, 1039, 0, 0, 57.03%, 18, 0, 46, 45908.03, 122879231, 913
2194, 183, 506, 1039, 0, 0, 57.03%, 18, 0, 46, 46135.73, 123115870, 913
2199, 184, 903, 1039, 0, 0, 57.03%, 18, 0, 46, 45544.57, 123348401, 913
2204, 184, 416, 1039, 0, 0, 57.03%, 18, 0, 46, 46558.71, 123585188, 913
2209, 184, 153, 1039, 0, 0, 57.03%, 18, 0, 46, 47480.26, 123826652, 913
2214, 184, 344, 1039, 0, 0, 57.03%, 18, 0, 46, 47509.64, 124073283, 913
2219, 184, 1021, 1039, 0, 0, 57.03%, 18, 0, 46, 47462.27, 124319508, 913
2224, 185, 315, 1039, 0, 0, 57.03%, 19, 0, 46, 46412.01, 124552617, 913
2229, 185, 154, 1039, 0, 0, 57.03%, 19, 0, 46, 45882.85, 124784638, 913
2234, 185, 506, 1039, 0, 0, 57.03%, 19, 0, 46, 46343.18, 125023157, 913
2239, 185, 39, 1039, 0, 0, 57.03%, 19, 0, 46, 47920.26, 125268631, 913
2244, 186, 884, 1039, 0, 0, 57.03%, 19, 0, 46, 48679.48, 125510793, 913
2249, 186, 339, 1039, 0, 0, 57.03%, 20, 0, 46, 47168.36, 125747899, 913
2254, 186, 1028, 1039, 0, 0, 57.03%, 20, 0, 46, 46005.02, 125975507, 913
2260, 186, 344, 1039, 0, 0, 57.03%, 20, 0, 46, 45251.67, 126202955, 913
2265, 186, 751, 1039, 0, 0, 57.03%, 20, 0, 46, 46037.47, 126437380, 913
2270, 187, 616, 1039, 0, 0, 57.03%, 20, 0, 46, 47328.99, 126678943, 913
2275, 187, 674, 1039, 0, 0, 57.03%, 20, 0, 46, 47673.51, 126922715, 913
2280, 187, 344, 1039, 0, 0, 57.03%, 20, 0, 46, 46882.39, 127159959, 913
2285, 187, 3, 1039, 0, 0, 57.03%, 20, 0, 46, 47155.11, 127394608, 913
2290, 188, 89, 1039, 0, 0, 57.03%, 20, 0, 46, 47680.13, 127638391, 913
2295, 188, 434, 1039, 0, 0, 57.03%, 20, 0, 46, 45723.68, 127865836, 913
2300, 188, 94, 1039, 0, 0, 57.03%, 20, 0, 46, 46236.81, 128104337, 913
2305, 188, 107, 1039, 0, 0, 57.03%, 20, 0, 46, 45489.95, 128338699, 913
2310, 189, 1036, 1039, 0, 0, 57.03%, 20, 0, 46, 47021.07, 128580937, 913
2316, 189, 709, 1039, 0, 0, 57.03%, 20, 0, 46, 46651.00, 128815680, 913
2321, 189, 869, 1039, 0, 0, 57.03%, 20, 0, 46, 48413.69, 129062420, 913
2326, 189, 1027, 1039, 0, 0, 57.03%, 20, 0, 46, 45657.11, 129292949, 913
2331, 189, 1033, 1039, 0, 0, 57.03%, 20, 0, 46, 44199.42, 129517207, 913
2336, 190, 559, 1039, 0, 0, 57.03%, 20, 0, 46, 45104.19, 129753884, 913
2341, 190, 496, 1039, 0, 0, 57.03%, 20, 0, 46, 46937.49, 129990861, 913
2346, 190, 946, 1039, 0, 0, 57.03%, 20, 0, 46, 47456.60, 130231956, 913
2351, 190, 616, 1039, 0, 0, 57.03%, 20, 0, 46, 46193.78, 130462075, 913
2356, 191, 616, 1039, 0, 0, 57.03%, 20, 0, 46, 48485.84, 130713258, 913
2361, 191, 398, 1039, 0, 0, 57.03%, 20, 0, 46, 47185.36, 130953756, 913
2366, 191, 408, 1039, 0, 0, 57.03%, 20, 0, 46, 45131.26, 131184579, 913
2372, 191, 375, 1039, 0, 0, 57.03%, 20, 0, 46, 45230.65, 131418659, 913
2377, 192, 938, 1039, 0, 0, 57.03%, 20, 0, 46, 46793.98, 131656919, 913
2382, 192, 303, 1039, 0, 0, 57.03%, 20, 0, 46, 47875.63, 131899115, 913
2387, 192, 197, 1039, 0, 0, 57.03%, 20, 0, 46, 47982.90, 132132636, 913
2392, 192, 137, 1039, 0, 0, 57.03%, 20, 0, 46, 46238.75, 132361459, 913
2397, 192, 346, 1039, 0, 0, 57.03%, 20, 0, 46, 46333.01, 132592403, 913
2402, 193, 996, 1039, 0, 0, 57.03%, 20, 0, 46, 47031.41, 132834093, 913
2407, 193, 346, 1040, 1, 0, 57.03%, 20, 0, 46, 46111.58, 133066838, 913
2412, 193, 1035, 1041, 0, 0, 57.03%, 20, 0, 46, 46814.36, 133299053, 913
2417, 193, 326, 1041, 0, 0, 57.03%, 20, 0, 46, 47004.39, 133535235, 913
2422, 194, 393, 1041, 0, 0, 57.03%, 20, 0, 46, 48067.12, 133778669, 913
2427, 194, 1020, 1041, 0, 0, 57.03%, 20, 0, 46, 48113.58, 134019182, 913
2432, 194, 709, 1041, 0, 0, 57.03%, 20, 0, 46, 47960.23, 134256770, 913
2438, 194, 308, 1041, 0, 0, 57.03%, 20, 0, 46, 46908.07, 134491834, 913
2443, 194, 235, 1041, 0, 0, 57.03%, 20, 0, 46, 44331.63, 134714865, 913
2448, 195, 344, 1041, 0, 0, 57.03%, 20, 0, 46, 46033.19, 134952932, 913
2453, 195, 782, 1041, 0, 0, 57.03%, 20, 0, 46, 46155.59, 135175993, 913
2458, 195, 813, 1041, 0, 0, 57.03%, 20, 0, 46, 46660.19, 135412723, 913
2463, 195, 1041, 1042, 1, 0, 57.03%, 20, 0, 46, 8440.04, 135628660, 913
2468, 196, 615, 1043, 0, 0, 57.03%, 20, 0, 46, 42861.06, 135817360, 913
2473, 196, 346, 1043, 0, 0, 57.03%, 20, 0, 46, 45256.28, 136048287, 913
2478, 196, 95, 1043, 0, 0, 57.03%, 20, 0, 46, 46293.51, 136281451, 913
2483, 196, 829, 1043, 0, 0, 57.03%, 20, 0, 46, 47033.38, 136518496, 913
2488, 196, 1025, 1043, 0, 0, 57.03%, 20, 0, 46, 45904.83, 136748060, 913
2493, 197, 296, 1043, 0, 0, 57.03%, 20, 0, 46, 44944.61, 136978739, 913
2499, 197, 1032, 1043, 0, 0, 57.03%, 20, 0, 46, 44951.59, 137206227, 913
2504, 197, 632, 1043, 0, 0, 57.03%, 20, 0, 46, 44558.83, 137432746, 913
2509, 197, 417, 1044, 0, 0, 57.03%, 20, 0, 46, 30643.17, 137603629, 913
2514, 197, 777, 1044, 0, 0, 57.03%, 20, 0, 46, 44399.33, 137843673, 913
2519, 198, 107, 1044, 0, 0, 57.03%, 20, 0, 46, 46059.61, 138079807, 913
2524, 198, 393, 1044, 0, 0, 57.03%, 20, 0, 46, 46282.84, 138312164, 913
2529, 198, 806, 1044, 0, 0, 57.03%, 20, 0, 46, 46259.11, 138546888, 913
2534, 198, 538, 1044, 0, 0, 57.03%, 20, 0, 46, 43744.23, 138764322, 913
2539, 199, 398, 1044, 0, 0, 57.03%, 20, 0, 46, 45636.58, 138998751, 913
2544, 199, 723, 1044, 0, 0, 57.03%, 20, 0, 46, 45447.03, 139230230, 913
2549, 199, 84, 1044, 0, 0, 57.03%, 20, 0, 46, 45408.02, 139461725, 913
2554, 199, 1033, 1044, 0, 0, 57.03%, 20, 0, 46, 45280.65, 139692917, 913
2559, 199, 1031, 1044, 0, 0, 57.03%, 20, 0, 46, 44057.47, 139915614, 913
2564, 200, 416, 1044, 0, 0, 57.03%, 20, 0, 46, 47689.44, 140159060, 913
2570, 200, 216, 1044, 0, 0, 57.03%, 20, 0, 46, 47324.93, 140397881, 913
2575, 200, 491, 1044, 0, 0, 57.03%, 20, 0, 46, 46610.22, 140634106, 913
2580, 200, 1029, 1044, 0, 0, 57.03%, 20, 0, 46, 47290.37, 140876055, 913
2585, 201, 553, 1044, 0, 0, 57.03%, 20, 0, 46, 45335.66, 141105774, 913
2590, 201, 495, 1044, 0, 0, 57.03%, 20, 0, 46, 45545.78, 141332373, 913
2595, 201, 496, 1044, 0, 0, 57.03%, 20, 0, 46, 46942.11, 141575245, 913
2600, 201, 375, 1044, 0, 0, 57.03%, 20, 0, 46, 46544.42, 141810406, 913
2605, 201, 180, 1044, 0, 0, 57.03%, 20, 0, 46, 46571.52, 142046903, 913
2610, 202, 777, 1044, 0, 0, 57.03%, 20, 0, 46, 48229.89, 142290756, 913
2615, 202, 425, 1044, 0, 0, 57.03%, 20, 0, 46, 45237.39, 142513322, 913
2620, 202, 157, 1044, 0, 0, 57.03%, 20, 0, 46, 46823.71, 142753049, 913
2626, 202, 491, 1044, 0, 0, 57.03%, 20, 0, 46, 45912.54, 142984945, 913
2631, 202, 495, 1044, 0, 0, 57.03%, 20, 0, 46, 44653.95, 143210172, 913
2636, 203, 138, 1044, 0, 0, 57.03%, 20, 0, 46, 46768.77, 143449570, 913
2641, 203, 819, 1044, 0, 0, 57.03%, 20, 0, 46, 44054.39, 143673340, 913
2646, 203, 1033, 1044, 0, 0, 57.03%, 20, 0, 46, 45237.58, 143905580, 913
2651, 203, 870, 1045, 0, 0, 57.03%, 20, 0, 46, 41330.00, 144114068, 913
2656, 204, 198, 1045, 0, 0, 57.03%, 20, 0, 46, 42650.00, 144332727, 913
2661, 204, 201, 1045, 0, 0, 57.03%, 20, 0, 46, 45121.67, 144561512, 913
2666, 204, 610, 1045, 0, 0, 57.03%, 20, 0, 46, 45360.71, 144793104, 913
2671, 204, 315, 1045, 0, 0, 57.03%, 20, 0, 46, 46197.77, 145028975, 913
2676, 204, 830, 1045, 0, 0, 57.03%, 20, 0, 46, 44041.30, 145259564, 913
2682, 205, 360, 1045, 0, 0, 57.03%, 20, 0, 46, 47132.79, 145500035, 913
2687, 205, 545, 1045, 0, 0, 57.03%, 20, 0, 46, 45149.01, 145728334, 913
2692, 205, 385, 1045, 0, 0, 57.03%, 20, 0, 46, 44844.99, 145955276, 913
2697, 205, 498, 1045, 0, 0, 57.03%, 20, 0, 46, 44810.73, 146186170, 913
2702, 205, 709, 1045, 0, 0, 57.03%, 20, 0, 46, 43857.98, 146408552, 913
2707, 206, 416, 1045, 0, 0, 57.03%, 20, 0, 46, 46019.18, 146644038, 913
2712, 206, 771, 1045, 0, 0, 57.03%, 20, 0, 46, 47224.21, 146882305, 913
2717, 206, 346, 1045, 0, 0, 57.03%, 20, 0, 46, 47154.52, 147121873, 913
2722, 206, 370, 1046, 1, 0, 57.03%, 20, 0, 46, 46044.63, 147351132, 913
2727, 206, 393, 1046, 0, 0, 57.03%, 20, 0, 46, 37984.42, 147510927, 913
2732, 207, 984, 1046, 0, 0, 57.03%, 20, 0, 46, 42201.49, 147735840, 913
2737, 207, 402, 1046, 0, 0, 57.03%, 20, 0, 46, 45150.72, 147969668, 913
2743, 207, 95, 1046, 0, 0, 57.03%, 20, 0, 46, 46354.59, 148206468, 913
2748, 207, 408, 1046, 0, 0, 57.03%, 20, 0, 46, 46870.33, 148445021, 913
2753, 208, 910, 1046, 0, 0, 57.03%, 20, 0, 46, 46580.28, 148682349, 913
2758, 208, 326, 1046, 0, 0, 57.03%, 20, 0, 46, 46696.97, 148917514, 913
2763, 208, 959, 1046, 0, 0, 57.03%, 20, 0, 46, 43395.75, 149136054, 913
2768, 208, 131, 1046, 0, 0, 57.03%, 20, 0, 46, 45290.70, 149372135, 913
2773, 208, 545, 1046, 0, 0, 57.03%, 20, 0, 46, 46840.67, 149610433, 913
2778, 209, 375, 1046, 0, 0, 57.03%, 20, 0, 46, 45753.03, 149844698, 913
2783, 209, 198, 1046, 0, 0, 57.03%, 20, 0, 46, 45848.77, 150077440, 913
2788, 209, 935, 1046, 0, 0, 57.03%, 20, 0, 46, 45827.52, 150305759, 913
2794, 209, 231, 1046, 0, 0, 57.03%, 20, 0, 46, 44442.15, 150526841, 913
2799, 209, 709, 1046, 0, 0, 57.03%, 20, 0, 46, 44997.68, 150762171, 913
2804, 210, 553, 1046, 0, 0, 57.03%, 20, 0, 46, 45874.57, 150994015, 913
2809, 210, 713, 1046, 0, 0, 57.03%, 20, 0, 46, 44964.88, 151220188, 913
2814, 210, 689, 1046, 0, 0, 57.03%, 20, 0, 46, 46804.71, 151453302, 913
2819, 210, 303, 1046, 0, 0, 57.03%, 20, 0, 46, 47133.22, 151692409, 913
2824, 210, 750, 1046, 0, 0, 57.03%, 20, 0, 46, 45927.91, 151921929, 913
2829, 211, 312, 1046, 0, 0, 57.03%, 20, 0, 46, 45572.62, 152155333, 913
2834, 211, 715, 1046, 0, 0, 57.03%, 20, 0, 46, 46184.00, 152388896, 913
2839, 211, 339, 1046, 0, 0, 57.03%, 20, 0, 46, 46135.19, 152620558, 913
2844, 211, 461, 1046, 0, 0, 57.03%, 20, 0, 46, 45807.82, 152854822, 913
2849, 212, 615, 1046, 0, 0, 57.03%, 20, 0, 46, 45742.93, 153090138, 913
2854, 212, 327, 1046, 0, 0, 57.03%, 20, 0, 46, 45180.41, 153324761, 913
2860, 212, 487, 1046, 0, 0, 57.03%, 20, 0, 46, 47310.98, 153560763, 913
2865, 212, 390, 1046, 0, 0, 57.03%, 20, 0, 46, 45298.35, 153790334, 913
2870, 212, 260, 1046, 0, 0, 57.03%, 20, 0, 46, 45987.47, 154021323, 913
2875, 213, 221, 1046, 0, 0, 57.03%, 20, 0, 46, 47643.22, 154264281, 913
2880, 213, 848, 1047, 1, 0, 57.03%, 20, 0, 46, 44520.33, 154490149, 913
2885, 213, 773, 1047, 0, 0, 57.03%, 20, 0, 46, 44669.47, 154714235, 913
2890, 213, 1044, 1047, 0, 0, 57.03%, 20, 0, 46, 44653.54, 154944799, 913
2895, 213, 921, 1047, 0, 0, 57.03%, 20, 0, 46, 44252.16, 155167503, 913
2900, 214, 610, 1047, 0, 0, 57.03%, 20, 0, 46, 47534.13, 155410269, 913
2905, 214, 1037, 1047, 0, 0, 57.03%, 20, 0, 46, 44279.72, 155637608, 913
2910, 214, 616, 1047, 0, 0, 57.03%, 20, 0, 46, 45201.76, 155867469, 913
2916, 214, 616, 1047, 0, 0, 57.03%, 20, 0, 46, 43982.72, 156092200, 913
2921, 215, 196, 1047, 0, 0, 57.03%, 20, 0, 46, 45190.27, 156320590, 913
2926, 215, 816, 1047, 0, 0, 57.03%, 20, 0, 46, 44090.06, 156543950, 913
2931, 215, 360, 1047, 0, 0, 57.03%, 20, 0, 46, 45290.57, 156779355, 913
2936, 215, 357, 1047, 0, 0, 57.03%, 20, 0, 46, 45696.31, 157014712, 913
2941, 215, 863, 1047, 0, 0, 57.03%, 20, 0, 46, 46403.47, 157255129, 913
2946, 216, 344, 1047, 0, 0, 57.03%, 20, 0, 46, 45660.23, 157483689, 913
2951, 216, 1026, 1047, 0, 0, 57.03%, 20, 0, 46, 43520.15, 157706470, 913
2956, 216, 704, 1047, 0, 0, 57.03%, 20, 0, 46, 45328.69, 157941969, 913
2961, 216, 250, 1047, 0, 0, 57.03%, 20, 0, 46, 46069.55, 158176332, 913
2966, 216, 527, 1047, 0, 0, 57.03%, 20, 0, 46, 46531.88, 158411891, 913
2972, 217, 393, 1047, 0, 0, 57.03%, 20, 0, 46, 43468.79, 158627879, 913
2977, 217, 303, 1047, 0, 0, 57.03%, 20, 0, 46, 45377.30, 158856965, 913
2982, 217, 398, 1047, 0, 0, 57.03%, 20, 0, 46, 46793.50, 159095841, 913
2987, 217, 375, 1047, 0, 0, 57.03%, 20, 0, 46, 44260.83, 159316414, 913
2992, 217, 489, 1047, 0, 0, 57.03%, 20, 0, 46, 46302.47, 159552132, 913
2997, 218, 647, 1047, 0, 0, 57.03%, 20, 0, 46, 46546.91, 159788178, 913
3002, 218, 714, 1047, 0, 0, 57.03%, 20, 0, 46, 47255.99, 160027639, 913
3007, 218, 327, 1047, 0, 0, 57.03%, 20, 0, 46, 46440.68, 160265424, 913
3012, 218, 296, 1047, 0, 0, 57.03%, 20, 0, 46, 45463.37, 160501413, 913
3017, 219, 597, 1047, 0, 0, 57.03%, 20, 0, 46, 44889.05, 160725258, 913
3023, 219, 375, 1047, 0, 0, 57.03%, 20, 0, 46, 44848.40, 160950615, 913
3028, 219, 1046, 1047, 0, 0, 57.03%, 20, 0, 46, 45541.95, 161182418, 913
3033, 219, 346, 1047, 0, 0, 57.03%, 20, 0, 46, 44935.50, 161410390, 913
3038, 219, 388, 1047, 0, 0, 57.03%, 20, 0, 46, 45552.73, 161643941, 913
3043, 220, 215, 1047, 0, 0, 57.03%, 20, 0, 46, 46018.50, 161876717, 913
3048, 220, 130, 1047, 0, 0, 57.03%, 20, 0, 46, 43824.95, 162101628, 913
3053, 220, 616, 1047, 0, 0, 57.03%, 20, 0, 46, 46752.00, 162338946, 913
3058, 220, 385, 1047, 0, 0, 57.03%, 20, 0, 46, 45784.53, 162571365, 913
3063, 220, 776, 1047, 0, 0, 57.03%, 20, 0, 46, 43444.24, 162788311, 913
3068, 221, 1029, 1047, 0, 0, 57.03%, 20, 0, 46, 44872.91, 163020155, 913
3073, 221, 338, 1047, 0, 0, 57.03%, 20, 0, 46, 47203.61, 163260281, 913
3079, 221, 415, 1047, 0, 0, 57.03%, 20, 0, 46, 42782.39, 163477866, 913
3084, 221, 444, 1047, 0, 0, 57.03%, 20, 0, 46, 44100.85, 163705075, 913
3089, 221, 984, 1047, 0, 0, 57.03%, 20, 0, 46, 46537.67, 163940848, 913
3094, 222, 198, 1047, 0, 0, 57.03%, 20, 0, 46, 46385.79, 164175333, 913
3099, 222, 216, 1047, 0, 0, 57.03%, 20, 0, 46, 45865.28, 164405742, 913
3104, 222, 95, 1047, 0, 0, 57.03%, 20, 0, 46, 44972.14, 164636131, 913
3109, 222, 631, 1047, 0, 0, 57.03%, 20, 0, 46, 42871.20, 164842745, 913
3114, 223, 296, 1047, 0, 0, 57.03%, 20, 0, 46, 44090.79, 165068293, 913
3119, 223, 909, 1047, 0, 0, 57.03%, 20, 0, 46, 45262.13, 165298585, 913
3124, 223, 669, 1047, 0, 0, 57.03%, 20, 0, 46, 46426.44, 165527810, 913
3129, 223, 483, 1047, 0, 0, 57.03%, 20, 0, 46, 46371.81, 165764169, 913
3134, 223, 616, 1047, 0, 0, 57.03%, 20, 0, 46, 46342.55, 165998923, 913
3140, 224, 344, 1047, 0, 0, 57.03%, 20, 0, 46, 46799.87, 166239010, 913
3145, 224, 679, 1047, 0, 0, 57.03%, 20, 0, 46, 44569.31, 166466179, 913
3150, 224, 360, 1047, 0, 0, 57.03%, 20, 0, 46, 44459.96, 166687369, 913
3155, 224, 709, 1047, 0, 0, 57.03%, 20, 0, 46, 46021.45, 166921549, 913
3160, 224, 1030, 1047, 0, 0, 57.03%, 20, 0, 46, 44812.75, 167150189, 913
3165, 225, 293, 1047, 0, 0, 57.03%, 20, 0, 46, 43683.54, 167370331, 913
3170, 225, 231, 1047, 0, 0, 57.03%, 20, 0, 46, 43706.62, 167594020, 913
3175, 225, 385, 1047, 0, 0, 57.03%, 20, 0, 46, 44717.55, 167818397, 913
3180, 225, 722, 1047, 0, 0, 57.03%, 20, 0, 46, 25876.46, 168013246, 913
3185, 225, 417, 1047, 0, 0, 57.03%, 20, 0, 46, 40195.38, 168233309, 913
3190, 226, 668, 1047, 0, 0, 57.03%, 20, 0, 46, 44501.99, 168465864, 913
3196, 226, 171, 1047, 0, 0, 57.03%, 20, 0, 46, 43140.13, 168686290, 913
3201, 226, 628, 1047, 0, 0, 57.03%, 20, 0, 46, 46432.69, 168921402, 913
3206, 226, 940, 1047, 0, 0, 57.03%, 20, 0, 46, 46531.35, 169152711, 913
3211, 226, 610, 1047, 0, 0, 57.03%, 20, 0, 46, 44514.40, 169381288, 913
3216, 227, 389, 1047, 0, 0, 57.03%, 20, 0, 46, 44789.65, 169607797, 913
3221, 227, 254, 1047, 0, 0, 57.03%, 20, 0, 46, 45743.72, 169837653, 913
3226, 227, 466, 1047, 0, 0, 57.03%, 20, 0, 46, 43604.42, 170057346, 913
3231, 227, 360, 1050, 1, 0, 57.03%, 20, 0, 48, 21095.28, 170254644, 913
3236, 227, 1055, 1057, 6, 0, 57.03%, 20, 0, 50, 11583.03, 170388923, 913
3241, 227, 699, 1059, 2, 0, 57.03%, 20, 0, 51, 26619.68, 170540081, 913
3246, 228, 682, 1059, 1, 0, 57.03%, 20, 0, 51, 42646.85, 170752795, 913
3252, 228, 946, 1059, 1, 0, 57.03%, 20, 0, 51, 44055.57, 170978017, 913
3257, 228, 166, 1059, 0, 0, 57.03%, 20, 0, 51, 42728.47, 171185911, 913
3262, 228, 1039, 1059, 0, 0, 57.03%, 20, 0, 51, 43103.96, 171408063, 913
3267, 228, 813, 1059, 0, 0, 57.03%, 20, 0, 51, 43648.48, 171629529, 913
3272, 229, 327, 1059, 0, 0, 57.03%, 20, 0, 51, 44922.00, 171860586, 913
3277, 229, 681, 1059, 0, 0, 57.03%, 20, 0, 51, 42672.99, 172073930, 913
3282, 229, 932, 1059, 0, 0, 57.03%, 20, 0, 51, 44664.14, 172306827, 913
3287, 229, 813, 1059, 0, 0, 57.03%, 20, 0, 51, 43056.42, 172529236, 913
3292, 229, 375, 1059, 0, 0, 57.03%, 20, 0, 51, 44215.43, 172759842, 913
3297, 230, 538, 1059, 0, 0, 57.03%, 20, 0, 51, 43731.90, 172985252, 913
3302, 230, 487, 1059, 0, 0, 57.03%, 20, 0, 51, 43592.47, 173207609, 913
3308, 230, 151, 1059, 0, 0, 57.03%, 20, 0, 51, 44739.11, 173437096, 913
3313, 230, 682, 1059, 0, 0, 57.03%, 20, 0, 51, 45130.72, 173672599, 913
3318, 230, 386, 1059, 0, 0, 57.03%, 20, 0, 51, 45572.39, 173904393, 913
3323, 231, 231, 1059, 0, 0, 57.03%, 20, 0, 51, 43605.30, 174124950, 913
3328, 231, 267, 1059, 0, 0, 57.03%, 20, 0, 51, 43544.56, 174346479, 913
3333, 231, 1045, 1059, 0, 0, 57.03%, 20, 0, 51, 43714.17, 174573371, 913
3338, 231, 753, 1059, 0, 0, 57.03%, 20, 0, 51, 44625.21, 174797622, 913
3343, 231, 360, 1059, 0, 0, 57.03%, 20, 0, 51, 45090.95, 175022552, 913
3348, 232, 813, 1059, 0, 0, 57.03%, 20, 0, 51, 43121.82, 175240106, 913
3353, 232, 675, 1059, 0, 0, 57.03%, 20, 0, 51, 44409.21, 175468216, 913
3358, 232, 346, 1059, 0, 0, 57.03%, 20, 0, 51, 43656.18, 175689689, 913
3363, 232, 797, 1059, 0, 0, 57.03%, 20, 0, 51, 46190.67, 175920136, 913
3369, 232, 444, 1059, 0, 0, 57.03%, 20, 0, 51, 43636.29, 176137588, 913
3374, 233, 137, 1059, 0, 0, 57.03%, 20, 0, 51, 44231.22, 176363449, 913
3379, 233, 834, 1059, 0, 0, 57.03%, 20, 0, 51, 44488.64, 176592931, 913
3384, 233, 710, 1059, 0, 0, 57.03%, 20, 0, 51, 44493.42, 176819864, 913
3389, 233, 528, 1059, 0, 0, 57.03%, 20, 0, 51, 42626.42, 177038077, 913
3394, 233, 1038, 1059, 0, 0, 57.03%, 20, 0, 51, 43448.07, 177263094, 913
3399, 234, 408, 1059, 0, 0, 57.03%, 20, 0, 51, 43514.23, 177483914, 913
3404, 234, 1038, 1059, 0, 0, 57.03%, 20, 0, 51, 44652.86, 177716685, 913
3409, 234, 375, 1059, 0, 0, 57.03%, 20, 0, 51, 45138.65, 177947529, 913
3415, 234, 709, 1059, 0, 0, 57.03%, 20, 0, 51, 43243.26, 178165811, 913
3420, 234, 610, 1059, 0, 0, 57.03%, 20, 0, 51, 46053.50, 178401062, 913
3425, 235, 581, 1060, 1, 0, 57.03%, 20, 0, 51, 56756.92, 178618711, 913
3430, 235, 559, 1060, 0, 0, 57.03%, 20, 0, 51, 36015.16, 178803782, 913
3435, 235, 344, 1060, 0, 0, 57.03%, 20, 0, 51, 43812.36, 179035866, 913
3440, 235, 1033, 1060, 0, 0, 57.03%, 20, 0, 51, 42130.16, 179250834, 913
3445, 235, 137, 1060, 0, 0, 57.03%, 20, 0, 51, 44684.03, 179479478, 913
3450, 236, 257, 1060, 0, 0, 57.03%, 20, 0, 51, 46408.98, 179715058, 913
3456, 236, 482, 1060, 0, 0, 57.03%, 20, 0, 51, 46729.26, 179954410, 913
3461, 236, 616, 1060, 0, 0, 57.03%, 20, 0, 51, 44735.91, 180175056, 913
3466, 236, 142, 1060, 0, 0, 57.03%, 20, 0, 51, 43803.07, 180396169, 913
3471, 236, 760, 1060, 0, 0, 57.03%, 20, 0, 51, 44708.71, 180622093, 913
3476, 237, 717, 1060, 0, 0, 57.03%, 20, 0, 51, 45863.89, 180855048, 913
3481, 237, 551, 1061, 1, 0, 57.03%, 20, 0, 51, 45857.00, 181082354, 913
3486, 237, 357, 1061, 0, 0, 57.03%, 20, 0, 51, 41940.22, 181269761, 913
3491, 237, 293, 1061, 0, 0, 57.03%, 20, 0, 51, 43441.13, 181497098, 913
3496, 237, 616, 1061, 0, 0, 57.03%, 20, 0, 51, 44246.85, 181724895, 913
3501, 238, 332, 1061, 0, 0, 57.03%, 20, 0, 51, 39613.63, 181911663, 913
3507, 238, 769, 1061, 0, 0, 57.03%, 20, 0, 51, 43572.85, 182138792, 913
3512, 238, 1010, 1061, 0, 0, 57.03%, 20, 0, 51, 44168.64, 182364159, 913
3517, 238, 203, 1061, 0, 0, 57.03%, 20, 0, 51, 43878.70, 182585307, 913
3522, 238, 416, 1061, 0, 0, 57.03%, 20, 0, 51, 45087.71, 182817416, 913
3527, 238, 545, 1061, 0, 0, 57.03%, 20, 0, 51, 46170.18, 183046424, 913
3532, 239, 416, 1061, 0, 0, 57.03%, 20, 0, 51, 43963.71, 183269573, 913
3537, 239, 636, 1061, 0, 0, 57.03%, 20, 0, 51, 45039.68, 183496308, 913
3542, 239, 506, 1061, 0, 0, 57.03%, 20, 0, 51, 41148.62, 183708698, 913
3547, 239, 851, 1061, 0, 0, 57.03%, 20, 0, 51, 42908.06, 183929555, 913
3552, 239, 667, 1063, 0, 0, 57.03%, 20, 0, 51, 44294.10, 184157466, 913
3557, 240, 425, 1066, 2, 0, 57.03%, 20, 0, 51, 45744.09, 184391129, 913
3563, 240, 558, 1067, 1, 0, 57.03%, 20, 0, 51, 44894.72, 184617835, 913
3568, 240, 349, 1067, 1, 0, 57.03%, 20, 0, 51, 45221.22, 184844411, 913
3573, 240, 1039, 1067, 0, 0, 57.03%, 20, 0, 51, 44057.76, 185072816, 913
3578, 240, 987, 1067, 0, 0, 57.03%, 20, 0, 51, 46442.56, 185311458, 913
3583, 241, 346, 1067, 0, 0, 57.03%, 20, 0, 51, 46991.32, 185550481, 913
3588, 241, 360, 1068, 0, 0, 57.03%, 20, 0, 51, 43717.03, 185766626, 913
3593, 241, 310, 1068, 0, 0, 57.03%, 20, 0, 51, 41719.24, 185978440, 913
3598, 241, 610, 1068, 0, 0, 57.03%, 20, 0, 51, 45151.89, 186210912, 913
3604, 241, 519, 1068, 0, 0, 57.03%, 20, 0, 51, 45489.45, 186444780, 913
3609, 241, 307, 1068, 0, 0, 57.03%, 20, 0, 51, 42486.52, 186666082, 913
3614, 242, 506, 1068, 0, 0, 57.03%, 20, 0, 51, 43912.92, 186890012, 913
3619, 242, 360, 1068, 0, 0, 57.03%, 20, 0, 51, 44551.13, 187111988, 913
