# relative_time, cycles_done, cur_item, corpus_count, pending_total, pending_favs, map_size, saved_crashes, saved_hangs, max_depth, execs_per_sec, total_execs, edges_found
61, 1, 645, 1069, 247, 0, 57.03%, 5, 0, 52, 41245.11, 1970986, 913
66, 1, 1042, 1069, 203, 0, 57.03%, 5, 0, 52, 2140.00, 2101693, 913
71, 1, 875, 1069, 140, 0, 57.03%, 6, 0, 52, 4417.32, 2324161, 913
76, 1, 877, 1069, 79, 0, 57.03%, 6, 0, 52, 51172.83, 2596953, 913
81, 2, 557, 1069, 45, 0, 57.03%, 6, 0, 52, 52304.14, 2862859, 913
86, 2, 931, 1069, 22, 0, 57.03%, 6, 0, 52, 55861.21, 3149866, 913
91, 2, 899, 1069, 15, 0, 57.03%, 6, 0, 52, 55839.50, 3429353, 913
97, 2, 393, 1069, 8, 0, 57.03%, 6, 0, 52, 56789.48, 3720210, 913
102, 3, 600, 1069, 5, 0, 57.03%, 6, 0, 52, 53873.05, 3995066, 913
107, 3, 375, 1069, 2, 0, 57.03%, 6, 0, 52, 53971.41, 4268732, 913
112, 3, 134, 1069, 2, 0, 57.03%, 6, 0, 52, 54497.93, 4544770, 913
117, 3, 545, 1069, 0, 0, 57.03%, 6, 0, 52, 55947.49, 4825702, 913
122, 4, 117, 1069, 0, 0, 57.03%, 6, 0, 52, 57146.15, 5114497, 913
127, 4, 910, 1069, 0, 0, 57.03%, 6, 0, 52, 54319.54, 5389723, 913
132, 4, 465, 1069, 0, 0, 57.03%, 6, 0, 52, 53670.90, 5657270, 913
137, 4, 850, 1069, 0, 0, 57.03%, 6, 0, 52, 55004.83, 5936451, 913
142, 5, 158, 1069, 0, 0, 57.03%, 6, 0, 52, 56057.44, 6217793, 913
147, 5, 475, 1069, 0, 0, 57.03%, 6, 0, 52, 56925.73, 6502316, 913
152, 5, 685, 1069, 0, 0, 57.03%, 6, 0, 52, 57013.12, 6791027, 913
157, 5, 360, 1069, 0, 0, 57.03%, 6, 0, 52, 55006.22, 7069400, 913
162, 6, 620, 1069, 0, 0, 57.03%, 6, 0, 52, 54590.73, 7343078, 913
167, 6, 388, 1069, 0, 0, 57.03%, 6, 0, 52, 53205.22, 7612079, 913
172, 6, 896, 1069, 0, 0, 57.03%, 6, 0, 52, 55572.26, 7890350, 913
177, 6, 579, 1069, 0, 0, 57.03%, 6, 0, 52, 54146.33, 8165181, 913
182, 7, 519, 1069, 0, 0, 57.03%, 6, 0, 52, 55107.79, 8445122, 913
187, 7, 757, 1069, 0, 0, 57.03%, 6, 0, 52, 53124.65, 8712615, 913
193, 7, 660, 1069, 0, 0, 57.03%, 6, 0, 52, 55741.19, 8996923, 913
198, 7, 89, 1069, 0, 0, 57.03%, 6, 0, 52, 54814.87, 9270484, 913
203, 8, 544, 1069, 0, 0, 57.03%, 6, 0, 52, 55264.41, 9550820, 913
208, 8, 564, 1069, 0, 0, 57.03%, 6, 0, 52, 55528.46, 9830999, 913
213, 8, 270, 1069, 0, 0, 57.03%, 6, 0, 52, 55113.32, 10108162, 913
218, 8, 163, 1069, 0, 0, 57.03%, 6, 0, 52, 55023.64, 10384083, 913
223, 9, 1050, 1069, 0, 0, 57.03%, 6, 0, 52, 54842.01, 10663461, 913
228, 9, 231, 1069, 0, 0, 57.03%, 6, 0, 52, 55785.00, 10942475, 913
233, 9, 332, 1069, 0, 0, 57.03%, 6, 0, 52, 55905.38, 11221235, 913
238, 9, 564, 1069, 0, 0, 57.03%, 6, 0, 52, 54703.14, 11497996, 913
243, 9, 152, 1069, 0, 0, 57.03%, 6, 0, 52, 53863.65, 11770437, 913
248, 10, 825, 1069, 0, 0, 57.03%, 6, 0, 52, 54800.89, 12048007, 913
253, 10, 218, 1069, 0, 0, 57.03%, 7, 0, 52, 55650.80, 12328091, 913
258, 10, 163, 1069, 0, 0, 57.03%, 7, 0, 52, 54535.50, 12600879, 913
263, 10, 730, 1069, 0, 0, 57.03%, 7, 0, 52, 55675.27, 12885948, 913
268, 11, 312, 1069, 0, 0, 57.03%, 7, 0, 52, 54956.48, 13162156, 913
273, 11, 411, 1069, 0, 0, 57.03%, 7, 0, 52, 55205.60, 13442970, 913
278, 11, 714, 1069, 0, 0, 57.03%, 8, 0, 52, 55679.39, 13726130, 913
283, 11, 539, 1069, 0, 0, 57.03%, 8, 0, 52, 55235.34, 14010841, 913
289, 12, 502, 1069, 0, 0, 57.03%, 8, 0, 52, 54194.20, 14281319, 913
294, 12, 408, 1069, 0, 0, 57.03%, 8, 0, 52, 57246.22, 14572542, 913
299, 12, 375, 1069, 0, 0, 57.03%, 8, 0, 52, 56859.10, 14862256, 913
304, 12, 388, 1069, 0, 0, 57.03%, 8, 0, 52, 55024.07, 15138590, 913
309, 13, 388, 1069, 0, 0, 57.03%, 8, 0, 52, 54822.57, 15417885, 913
314, 13, 780, 1069, 0, 0, 57.03%, 8, 0, 52, 54089.81, 15693455, 913
319, 13, 866, 1069, 0, 0, 57.03%, 8, 0, 52, 54855.16, 15974438, 913
324, 13, 29, 1069, 0, 0, 57.03%, 8, 0, 52, 55581.24, 16253149, 913
329, 14, 321, 1069, 0, 0, 57.03%, 8, 0, 52, 55340.37, 16530637, 913
334, 14, 631, 1069, 0, 0, 57.03%, 8, 0, 52, 53918.11, 16806174, 913
339, 14, 1020, 1069, 0, 0, 57.03%, 8, 0, 52, 55467.44, 17088762, 913
344, 14, 312, 1069, 0, 0, 57.03%, 8, 0, 52, 55205.03, 17367629, 913
349, 14, 995, 1069, 0, 0, 57.03%, 8, 0, 52, 55541.53, 17645831, 913
354, 15, 860, 1069, 0, 0, 57.03%, 8, 0, 52, 54392.40, 17919777, 913
359, 15, 375, 1069, 0, 0, 57.03%, 9, 0, 52, 55576.83, 18204192, 913
364, 15, 660, 1069, 0, 0, 57.03%, 9, 0, 52, 54967.64, 18481265, 913
369, 15, 199, 1069, 0, 0, 57.03%, 9, 0, 52, 51945.13, 18744454, 913
374, 16, 360, 1069, 0, 0, 57.03%, 9, 0, 52, 55791.43, 19024871, 913
379, 16, 816, 1069, 0, 0, 57.03%, 9, 0, 52, 56706.13, 19308527, 913
385, 16, 342, 1069, 0, 0, 57.03%, 9, 0, 52, 54195.13, 19583925, 913
390, 16, 714, 1069, 0, 0, 57.03%, 9, 0, 52, 51877.36, 19846045, 913
395, 17, 643, 1069, 0, 0, 57.03%, 9, 0, 52, 54400.33, 20125741, 913
400, 17, 522, 1069, 0, 0, 57.03%, 10, 0, 52, 55000.78, 20406499, 913
405, 17, 795, 1069, 0, 0, 57.03%, 10, 0, 52, 53696.11, 20677668, 913
410, 17, 392, 1069, 0, 0, 57.03%, 11, 0, 52, 53071.28, 20943859, 913
415, 18, 360, 1069, 0, 0, 57.03%, 11, 0, 52, 53772.89, 21222199, 913
420, 18, 776, 1069, 0, 0, 57.03%, 11, 0, 52, 55330.02, 21503760, 913
425, 18, 385, 1069, 0, 0, 57.03%, 11, 0, 52, 55232.88, 21782268, 913
430, 18, 715, 1069, 0, 0, 57.03%, 11, 0, 52, 54525.32, 22055807, 913
435, 19, 231, 1069, 0, 0, 57.03%, 12, 0, 52, 54942.73, 22329593, 913
440, 19, 438, 1069, 0, 0, 57.03%, 12, 0, 52, 54803.87, 22604748, 913
445, 19, 295, 1069, 0, 0, 57.03%, 12, 0, 52, 55234.48, 22883066, 913
450, 19, 174, 1069, 0, 0, 57.03%, 12, 0, 52, 56480.88, 23169758, 913
455, 20, 714, 1069, 0, 0, 57.03%, 12, 0, 52, 55780.13, 23451853, 913
460, 20, 914, 1069, 0, 0, 57.03%, 12, 0, 52, 54259.73, 23721734, 913
465, 20, 925, 1069, 0, 0, 57.03%, 12, 0, 52, 54855.35, 23999265, 913
470, 20, 405, 1069, 0, 0, 57.03%, 12, 0, 52, 55072.49, 24279053, 913
475, 20, 704, 1069, 0, 0, 57.03%, 12, 0, 52, 54217.63, 24552547, 913
481, 21, 985, 1070, 0, 0, 57.03%, 12, 0, 52, 51987.70, 24815998, 913
486, 21, 140, 1070, 0, 0, 57.03%, 12, 0, 52, 54947.18, 25099037, 913
491, 21, 572, 1070, 0, 0, 57.03%, 12, 0, 52, 54683.03, 25372399, 913
496, 21, 360, 1070, 0, 0, 57.03%, 12, 0, 52, 55201.23, 25653871, 913
501, 22, 522, 1070, 0, 0, 57.03%, 12, 0, 52, 53566.79, 25927839, 913
506, 22, 813, 1070, 0, 0, 57.03%, 12, 0, 52, 56168.44, 26215682, 913
511, 22, 250, 1070, 0, 0, 57.03%, 12, 0, 52, 56615.36, 26502181, 913
516, 22, 1028, 1070, 0, 0, 57.03%, 12, 0, 52, 54884.64, 26780643, 913
521, 23, 522, 1070, 0, 0, 57.03%, 12, 0, 52, 53912.27, 27058009, 913
526, 23, 398, 1070, 0, 0, 57.03%, 12, 0, 52, 54278.64, 27331806, 913
531, 23, 475, 1070, 0, 0, 57.03%, 12, 0, 52, 55741.14, 27613671, 913
536, 23, 230, 1070, 0, 0, 57.03%, 12, 0, 52, 54206.08, 27889049, 913
541, 24, 382, 1070, 0, 0, 57.03%, 12, 0, 52, 53351.10, 28163704, 913
546, 24, 630, 1070, 0, 0, 57.03%, 12, 0, 52, 55230.00, 28442644, 913
551, 24, 170, 1070, 0, 0, 57.03%, 12, 0, 52, 54639.92, 28715768, 913
556, 24, 137, 1070, 0, 0, 57.03%, 12, 0, 52, 55313.71, 28997954, 913
561, 25, 741, 1070, 0, 0, 57.03%, 12, 0, 52, 55863.00, 29277136, 913
567, 25, 296, 1070, 0, 0, 57.03%, 12, 0, 52, 55202.32, 29554086, 913
572, 25, 360, 1070, 0, 0, 57.03%, 12, 0, 52, 52851.22, 29819599, 913
577, 25, 670, 1070, 0, 0, 57.03%, 12, 0, 52, 53335.16, 30095401, 913
582, 26, 332, 1070, 0, 0, 57.03%, 12, 0, 52, 54751.00, 30374762, 913
587, 26, 708, 1070, 0, 0, 57.03%, 12, 0, 52, 55203.47, 30653463, 913
592, 26, 506, 1070, 0, 0, 57.03%, 12, 0, 52, 55500.05, 30928735, 913
597, 26, 231, 1070, 0, 0, 57.03%, 12, 0, 52, 54523.50, 31201266, 913
602, 26, 140, 1070, 0, 0, 57.03%, 12, 0, 52, 48109.79, 31447383, 913
607, 27, 199, 1070, 0, 0, 57.03%, 12, 0, 52, 44294.73, 31672610, 913
612, 27, 724, 1070, 0, 0, 57.03%, 12, 0, 52, 44425.93, 31896539, 913
617, 27, 134, 1070, 0, 0, 57.03%, 12, 0, 52, 44354.03, 32118731, 913
622, 27, 400, 1070, 0, 0, 57.03%, 12, 0, 52, 45779.10, 32347425, 913
627, 27, 709, 1070, 0, 0, 57.03%, 12, 0, 52, 45405.49, 32576944, 913
632, 28, 773, 1070, 0, 0, 57.03%, 12, 0, 52, 47074.16, 32815522, 913
637, 28, 388, 1070, 0, 0, 57.03%, 12, 0, 52, 45892.26, 33046373, 913
643, 28, 390, 1070, 0, 0, 57.03%, 12, 0, 52, 44559.38, 33273134, 913
648, 28, 576, 1070, 0, 0, 57.03%, 12, 0, 52, 44663.66, 33501097, 913
653, 28, 321, 1070, 0, 0, 57.03%, 12, 0, 52, 45860.31, 33733214, 913
658, 29, 151, 1070, 0, 0, 57.03%, 12, 0, 52, 44296.17, 33957918, 913
663, 29, 867, 1070, 0, 0, 57.03%, 12, 0, 52, 44808.22, 34186872, 913
668, 29, 892, 1070, 0, 0, 57.03%, 12, 0, 52, 44904.81, 34411737, 913
673, 29, 563, 1070, 0, 0, 57.03%, 12, 0, 52, 44661.40, 34637158, 913
678, 29, 408, 1070, 0, 0, 57.03%, 12, 0, 52, 45010.31, 34870815, 913
683, 30, 359, 1070, 0, 0, 57.03%, 12, 0, 52, 43936.51, 35092354, 913
688, 30, 484, 1070, 0, 0, 57.03%, 12, 0, 52, 45185.22, 35322938, 913
693, 30, 595, 1070, 0, 0, 57.03%, 12, 0, 52, 43531.65, 35543942, 913
698, 30, 163, 1070, 0, 0, 57.03%, 12, 0, 52, 44836.46, 35773471, 913
704, 30, 984, 1071, 0, 0, 57.03%, 12, 0, 52, 44298.11, 36001018, 913
709, 31, 584, 1071, 0, 0, 57.03%, 12, 0, 52, 46507.66, 36238573, 913
714, 31, 59, 1071, 0, 0, 57.03%, 12, 0, 52, 45979.02, 36470393, 913
719, 31, 545, 1071, 0, 0, 57.03%, 12, 0, 52, 43788.41, 36690933, 913
724, 31, 661, 1071, 0, 0, 57.03%, 12, 0, 52, 44898.21, 36919091, 913
729, 31, 616, 1071, 0, 0, 57.03%, 12, 0, 52, 45467.34, 37147604, 913
734, 31, 411, 1071, 0, 0, 57.03%, 12, 0, 52, 45411.69, 37378756, 913
739, 32, 339, 1071, 0, 0, 57.03%, 12, 0, 52, 46145.45, 37613135, 913
744, 32, 332, 1071, 0, 0, 57.03%, 12, 0, 52, 45430.74, 37844512, 913
749, 32, 384, 1071, 0, 0, 57.03%, 12, 0, 52, 43900.07, 38066906, 913
754, 32, 957, 1071, 0, 0, 57.03%, 12, 0, 52, 43735.67, 38286969, 913
759, 32, 344, 1071, 0, 0, 57.03%, 12, 0, 52, 46414.92, 38526593, 913
764, 33, 405, 1071, 0, 0, 57.03%, 12, 0, 52, 46162.91, 38758580, 913
769, 33, 296, 1071, 0, 0, 57.03%, 12, 0, 52, 43444.56, 38978917, 913
775, 33, 596, 1071, 0, 0, 57.03%, 12, 0, 52, 43879.14, 39205949, 913
780, 33, 346, 1071, 0, 0, 57.03%, 12, 0, 52, 46219.55, 39438671, 913
785, 33, 375, 1071, 0, 0, 57.03%, 12, 0, 52, 43950.22, 39658303, 913
790, 34, 275, 1071, 0, 0, 57.03%, 12, 0, 52, 43280.53, 39880974, 913
795, 34, 955, 1071, 0, 0, 57.03%, 12, 0, 52, 44725.59, 40108892, 913
800, 34, 409, 1071, 0, 0, 57.03%, 12, 0, 52, 45124.55, 40338958, 913
805, 34, 626, 1071, 0, 0, 57.03%, 12, 0, 52, 44376.43, 40558739, 913
810, 34, 491, 1071, 0, 0, 57.03%, 12, 0, 52, 44345.81, 40783507, 913
815, 35, 321, 1071, 0, 0, 57.03%, 12, 0, 52, 45165.75, 41013971, 913
820, 35, 813, 1071, 0, 0, 57.03%, 12, 0, 52, 42839.31, 41232523, 913
825, 35, 198, 1071, 0, 0, 57.03%, 12, 0, 52, 44421.53, 41460004, 913
830, 35, 170, 1071, 0, 0, 57.03%, 12, 0, 52, 44042.15, 41684603, 913
835, 35, 475, 1071, 0, 0, 57.03%, 12, 0, 52, 44535.04, 41911918, 913
840, 36, 984, 1071, 0, 0, 57.03%, 12, 0, 52, 43310.91, 42132165, 913
845, 36, 411, 1071, 0, 0, 57.03%, 12, 0, 52, 44471.74, 42362572, 913
851, 36, 925, 1071, 0, 0, 57.03%, 12, 0, 52, 45097.26, 42590774, 913
856, 36, 502, 1071, 0, 0, 57.03%, 12, 0, 52, 44760.51, 42816501, 913
861, 36, 224, 1071, 0, 0, 57.03%, 12, 0, 52, 44543.18, 43044578, 913
866, 37, 362, 1071, 0, 0, 57.03%, 12, 0, 52, 44757.18, 43270863, 913
871, 37, 312, 1071, 0, 0, 57.03%, 12, 0, 52, 43955.94, 43493877, 913
876, 37, 225, 1071, 0, 0, 57.03%, 12, 0, 52, 45031.56, 43719237, 913
881, 37, 921, 1071, 0, 0, 57.03%, 12, 0, 52, 42465.80, 43941255, 913
886, 37, 304, 1071, 0, 0, 57.03%, 12, 0, 52, 43355.18, 44161674, 913
891, 38, 907, 1071, 0, 0, 57.03%, 12, 0, 52, 43869.72, 44386101, 913
896, 38, 610, 1071, 0, 0, 57.03%, 12, 0, 52, 43110.17, 44607234, 913
902, 38, 845, 1071, 0, 0, 57.03%, 12, 0, 52, 45422.98, 44839479, 913
907, 38, 5, 1071, 0, 0, 57.03%, 12, 0, 52, 44744.01, 45064395, 913
912, 38, 385, 1071, 0, 0, 57.03%, 12, 0, 52, 44973.55, 45294647, 913
917, 38, 307, 1071, 0, 0, 57.03%, 12, 0, 52, 43709.39, 45515727, 913
922, 39, 321, 1071, 0, 0, 57.03%, 12, 0, 52, 45193.51, 45745687, 913
927, 39, 390, 1071, 0, 0, 57.03%, 12, 0, 52, 46919.94, 45979831, 913
932, 39, 491, 1071, 0, 0, 57.03%, 12, 0, 52, 46189.81, 46211625, 913
937, 39, 598, 1071, 0, 0, 57.03%, 12, 0, 52, 44417.79, 46434906, 913
942, 39, 103, 1071, 0, 0, 57.03%, 12, 0, 52, 44875.35, 46661611, 913
947, 40, 398, 1071, 0, 0, 57.03%, 12, 0, 52, 44680.16, 46887097, 913
952, 40, 629, 1071, 0, 0, 57.03%, 12, 0, 52, 45383.07, 47116448, 913
957, 40, 964, 1071, 0, 0, 57.03%, 12, 0, 52, 45008.72, 47346463, 913
962, 40, 315, 1071, 0, 0, 57.03%, 12, 0, 52, 45392.21, 47578747, 913
967, 40, 382, 1071, 0, 0, 57.03%, 12, 0, 52, 45864.30, 47809009, 913
973, 41, 616, 1071, 0, 0, 57.03%, 12, 0, 52, 44696.02, 48034672, 913
978, 41, 730, 1071, 0, 0, 57.03%, 12, 0, 52, 44722.61, 48259465, 913
983, 41, 321, 1071, 0, 0, 57.03%, 12, 0, 52, 44079.69, 48482546, 913
988, 41, 490, 1071, 0, 0, 57.03%, 12, 0, 52, 45233.50, 48713760, 913
993, 41, 418, 1071, 0, 0, 57.03%, 12, 0, 52, 44138.56, 48935980, 913
998, 42, 382, 1071, 0, 0, 57.03%, 12, 0, 52, 44178.48, 49163430, 913
1003, 42, 382, 1072, 0, 0, 57.03%, 12, 0, 52, 43816.00, 49385635, 913
1008, 42, 660, 1072, 0, 0, 57.03%, 12, 0, 52, 46969.34, 49628418, 913
1013, 42, 178, 1072, 0, 0, 57.03%, 12, 0, 52, 47176.75, 49863339, 913
1018, 42, 966, 1072, 0, 0, 57.03%, 12, 0, 52, 45469.98, 50090486, 913
1023, 43, 1067, 1072, 0, 0, 57.03%, 12, 0, 52, 44286.28, 50314903, 913
1028, 43, 344, 1072, 0, 0, 57.03%, 12, 0, 52, 43670.42, 50533577, 913
1033, 43, 499, 1072, 0, 0, 57.03%, 12, 0, 52, 44340.73, 50757286, 913
1039, 43, 203, 1072, 0, 0, 57.03%, 12, 0, 52, 44318.13, 50982015, 913
1044, 43, 375, 1072, 0, 0, 57.03%, 12, 0, 52, 44381.68, 51213204, 913
1049, 44, 725, 1072, 0, 0, 57.03%, 12, 0, 52, 45925.49, 51445829, 913
1054, 44, 616, 1072, 0, 0, 57.03%, 12, 0, 52, 45873.53, 51677246, 913
1059, 44, 205, 1072, 0, 0, 57.03%, 12, 0, 52, 43964.27, 51899209, 913
1064, 44, 217, 1072, 0, 0, 57.03%, 12, 0, 52, 44651.88, 52126397, 913
1069, 44, 231, 1072, 0, 0, 57.03%, 12, 0, 52, 44599.29, 52350978, 913
1074, 45, 169, 1072, 0, 0, 57.03%, 12, 0, 52, 45019.15, 52575841, 913
1079, 45, 616, 1072, 0, 0, 57.03%, 12, 0, 52, 45206.06, 52808706, 913
1084, 45, 660, 1072, 0, 0, 57.03%, 12, 0, 52, 45426.79, 53037114, 913
1089, 45, 348, 1072, 0, 0, 57.03%, 12, 0, 52, 45682.08, 53267145, 913
1094, 45, 314, 1072, 0, 0, 57.03%, 12, 0, 52, 44158.74, 53489847, 913
1099, 45, 390, 1072, 0, 0, 57.03%, 12, 0, 52, 44005.91, 53718450, 913
1104, 46, 44, 1072, 0, 0, 57.03%, 12, 0, 52, 44310.96, 53942115, 913
1110, 46, 346, 1072, 0, 0, 57.03%, 12, 0, 52, 44856.93, 54170161, 913
1115, 46, 206, 1072, 0, 0, 57.03%, 12, 0, 52, 44559.23, 54391949, 913
1120, 46, 171, 1072, 0, 0, 57.03%, 12, 0, 52, 45952.43, 54623141, 913
1125, 46, 851, 1072, 0, 0, 57.03%, 12, 0, 52, 45437.86, 54853242, 913
1130, 47, 1038, 1072, 0, 0, 57.03%, 12, 0, 52, 44562.57, 55081873, 913
1135, 47, 375, 1072, 0, 0, 57.03%, 12, 0, 52, 44133.44, 55310576, 913
1140, 47, 742, 1072, 0, 0, 57.03%, 12, 0, 52, 44649.61, 55538630, 913
1145, 47, 785, 1072, 0, 0, 57.03%, 12, 0, 52, 45645.05, 55770543, 913
1150, 47, 199, 1072, 0, 0, 57.03%, 12, 0, 52, 45323.85, 55999513, 913
1155, 48, 655, 1072, 0, 0, 57.03%, 12, 0, 52, 45481.85, 56230297, 913
1160, 48, 742, 1072, 0, 0, 57.03%, 12, 0, 52, 44243.32, 56452474, 913
1165, 48, 764, 1072, 0, 0, 57.03%, 12, 0, 52, 46192.97, 56688006, 913
1170, 48, 616, 1072, 0, 0, 57.03%, 12, 0, 52, 45062.33, 56914251, 913
1175, 48, 398, 1072, 0, 0, 57.03%, 12, 0, 52, 44860.06, 57141340, 913
1181, 49, 89, 1072, 0, 0, 57.03%, 12, 0, 52, 46432.74, 57374713, 913
1186, 49, 416, 1072, 0, 0, 57.03%, 12, 0, 52, 44887.34, 57602010, 913
1191, 49, 600, 1072, 0, 0, 57.03%, 12, 0, 52, 45531.70, 57837104, 913
1196, 49, 727, 1072, 0, 0, 57.03%, 12, 0, 52, 45527.72, 58065889, 913
1201, 49, 628, 1072, 0, 0, 57.03%, 12, 0, 52, 43890.96, 58288434, 913
1206, 50, 231, 1073, 1, 0, 57.03%, 12, 0, 52, 44537.73, 58514830, 913
1211, 50, 244, 1074, 1, 0, 57.03%, 12, 0, 52, 45148.52, 58745844, 913
1216, 50, 1071, 1074, 0, 0, 57.03%, 12, 0, 52, 44581.86, 58975443, 913
1221, 50, 344, 1074, 0, 0, 57.03%, 12, 0, 52, 45103.78, 59199808, 913
1226, 50, 616, 1074, 0, 0, 57.03%, 12, 0, 52, 44525.53, 59425135, 913
1231, 51, 64, 1074, 0, 0, 57.03%, 12, 0, 52, 45643.89, 59655415, 913
1236, 51, 163, 1074, 0, 0, 57.03%, 12, 0, 52, 46293.11, 59889688, 913
1241, 51, 296, 1074, 0, 0, 57.03%, 12, 0, 52, 44745.96, 60115553, 913
1246, 51, 870, 1074, 0, 0, 57.03%, 12, 0, 52, 45286.94, 60343242, 913
1251, 51, 482, 1074, 0, 0, 57.03%, 13, 0, 52, 45267.84, 60571290, 913
1256, 52, 622, 1074, 0, 0, 57.03%, 13, 0, 52, 44771.14, 60799415, 913
1261, 52, 772, 1076, 0, 0, 57.03%, 13, 0, 52, 45338.07, 61031418, 913
1267, 52, 601, 1076, 0, 0, 57.03%, 13, 0, 52, 45477.18, 61262955, 913
1272, 52, 771, 1076, 0, 0, 57.03%, 14, 0, 52, 46372.03, 61496200, 913
1277, 52, 171, 1076, 0, 0, 57.03%, 14, 0, 52, 45946.84, 61728930, 913
1282, 52, 660, 1076, 0, 0, 57.03%, 14, 0, 52, 44665.36, 61953897, 913
1287, 53, 411, 1076, 0, 0, 57.03%, 14, 0, 52, 45651.47, 62181523, 913
1292, 53, 166, 1076, 0, 0, 57.03%, 14, 0, 52, 44785.69, 62404516, 913
1297, 53, 315, 1076, 0, 0, 57.03%, 14, 0, 52, 44526.23, 62632462, 913
1302, 53, 85, 1076, 0, 0, 57.03%, 14, 0, 52, 43977.13, 62852423, 913
1307, 53, 584, 1076, 0, 0, 57.03%, 14, 0, 52, 45151.22, 63079688, 913
1312, 54, 724, 1076, 0, 0, 57.03%, 14, 0, 52, 44049.28, 63301334, 913
1317, 54, 519, 1076, 0, 0, 57.03%, 14, 0, 52, 45237.27, 63531457, 913
1322, 54, 710, 1076, 0, 0, 57.03%, 14, 0, 52, 45639.17, 63760933, 913
1327, 54, 399, 1076, 0, 0, 57.03%, 14, 0, 52, 43678.35, 63984399, 913
1332, 54, 913, 1076, 0, 0, 57.03%, 14, 0, 52, 45411.16, 64218339, 913
1337, 55, 408, 1076, 0, 0, 57.03%, 14, 0, 52, 43878.64, 64438109, 913
1343, 55, 338, 1076, 0, 0, 57.03%, 14, 0, 52, 43687.58, 64662522, 913
1348, 55, 346, 1076, 0, 0, 57.03%, 14, 0, 52, 44470.68, 64887718, 913
1353, 55, 660, 1076, 0, 0, 57.03%, 14, 0, 52, 45217.75, 65122106, 913
1358, 55, 388, 1076, 0, 0, 57.03%, 14, 0, 52, 45006.64, 65352165, 913
1363, 56, 545, 1076, 0, 0, 57.03%, 14, 0, 52, 45360.15, 65583457, 913
1368, 56, 356, 1076, 0, 0, 57.03%, 14, 0, 52, 44151.74, 65806681, 913
1373, 56, 405, 1076, 0, 0, 57.03%, 14, 0, 52, 44083.34, 66029014, 913
1378, 56, 408, 1076, 0, 0, 57.03%, 14, 0, 52, 45424.08, 66260944, 913
1383, 56, 350, 1076, 0, 0, 57.03%, 14, 0, 52, 45878.06, 66492884, 913
1388, 57, 385, 1076, 0, 0, 57.03%, 14, 0, 52, 44507.49, 66716933, 913
1393, 57, 479, 1076, 0, 0, 57.03%, 14, 0, 52, 44775.99, 66940242, 913
1398, 57, 84, 1076, 0, 0, 57.03%, 14, 0, 52, 45056.27, 67167852, 913
1403, 57, 873, 1076, 0, 0, 57.03%, 14, 0, 52, 44881.23, 67391831, 913
1408, 57, 312, 1076, 0, 0, 57.03%, 14, 0, 52, 43796.96, 67615133, 913
1413, 58, 813, 1076, 0, 0, 57.03%, 14, 0, 52, 44246.26, 67839842, 913
1418, 58, 258, 1076, 0, 0, 57.03%, 14, 0, 52, 45165.58, 68069285, 913
1423, 58, 833, 1076, 0, 0, 57.03%, 14, 0, 52, 44916.34, 68299149, 913
1428, 58, 408, 1076, 0, 0, 57.03%, 14, 0, 52, 41505.85, 68509100, 913
1433, 58, 197, 1076, 0, 0, 57.03%, 14, 0, 52, 44171.97, 68734458, 913
1439, 59, 1072, 1076, 0, 0, 57.03%, 14, 0, 52, 44440.77, 68964279, 913
1444, 59, 368, 1076, 0, 0, 57.03%, 14, 0, 52, 44315.25, 69185231, 913
1449, 59, 154, 1076, 0, 0, 57.03%, 14, 0, 52, 44936.65, 69412840, 913
1454, 59, 382, 1076, 0, 0, 57.03%, 14, 0, 52, 44947.03, 69640352, 913
1459, 59, 814, 1076, 0, 0, 57.03%, 14, 0, 52, 45736.19, 69870820, 913
1464, 59, 73, 1076, 0, 0, 57.03%, 14, 0, 52, 45202.26, 70096508, 913
1469, 60, 185, 1076, 0, 0, 57.03%, 14, 0, 52, 45113.72, 70322734, 913
1474, 60, 660, 1076, 0, 0, 57.03%, 14, 0, 52, 44240.12, 70549037, 913
1479, 60, 211, 1076, 0, 0, 57.03%, 15, 0, 52, 43812.10, 70772051, 913
1484, 60, 232, 1076, 0, 0, 57.03%, 15, 0, 52, 44406.20, 70993169, 913
1489, 60, 197, 1076, 0, 0, 57.03%, 15, 0, 52, 44025.14, 71214370, 913
1494, 61, 312, 1076, 0, 0, 57.03%, 15, 0, 52, 45648.26, 71445895, 913
1499, 61, 235, 1076, 0, 0, 57.03%, 15, 0, 52, 44256.93, 71672471, 913
1505, 61, 154, 1076, 0, 0, 57.03%, 15, 0, 52, 42875.84, 71891596, 913
1510, 61, 385, 1076, 0, 0, 57.03%, 15, 0, 52, 44064.20, 72114331, 913
1515, 61, 362, 1076, 0, 0, 57.03%, 15, 0, 52, 45344.01, 72348483, 913
1520, 62, 629, 1076, 0, 0, 57.03%, 15, 0, 52, 45829.90, 72576654, 913
1525, 62, 737, 1076, 0, 0, 57.03%, 15, 0, 52, 44564.54, 72804238, 913
1530, 62, 408, 1076, 0, 0, 57.03%, 15, 0, 52, 45488.90, 73035273, 913
1535, 62, 408, 1076, 0, 0, 57.03%, 15, 0, 52, 45121.55, 73265319, 913
1540, 62, 316, 1076, 0, 0, 57.03%, 15, 0, 52, 44971.26, 73495311, 913
1545, 63, 198, 1076, 0, 0, 57.03%, 15, 0, 52, 44812.11, 73721405, 913
1550, 63, 231, 1076, 0, 0, 57.03%, 15, 0, 52, 45325.51, 73951402, 913
1555, 63, 915, 1076, 0, 0, 57.03%, 15, 0, 52, 44460.69, 74173946, 913
1560, 63, 861, 1076, 0, 0, 57.03%, 15, 0, 52, 43787.08, 74393985, 913
1565, 63, 738, 1076, 0, 0, 57.03%, 15, 0, 52, 43129.13, 74614798, 913
1570, 64, 375, 1076, 0, 0, 57.03%, 15, 0, 52, 44044.12, 74840117, 913
1575, 64, 610, 1076, 0, 0, 57.03%, 15, 0, 52, 43426.35, 75065097, 913
1581, 64, 142, 1076, 0, 0, 57.03%, 15, 0, 52, 44668.95, 75295829, 913
1586, 64, 95, 1076, 0, 0, 57.03%, 15, 0, 52, 45621.16, 75527963, 913
1591, 64, 315, 1076, 0, 0, 57.03%, 15, 0, 52, 44807.02, 75752819, 913
1596, 65, 174, 1076, 0, 0, 57.03%, 15, 0, 52, 43142.30, 75973951, 913
1601, 65, 393, 1076, 0, 0, 57.03%, 15, 0, 52, 44096.10, 76199228, 913
1606, 65, 174, 1076, 0, 0, 57.03%, 15, 0, 52, 45114.76, 76429197, 913
1611, 65, 171, 1076, 0, 0, 57.03%, 15, 0, 52, 43689.64, 76650632, 913
1616, 65, 348, 1077, 1, 0, 57.03%, 15, 0, 52, 45736.45, 76882833, 913
1621, 65, 529, 1079, 1, 0, 57.03%, 15, 0, 52, 45954.34, 77116451, 913
1626, 66, 210, 1079, 0, 0, 57.03%, 15, 0, 52, 45168.55, 77345372, 913
1631, 66, 774, 1079, 0, 0, 57.03%, 15, 0, 52, 45650.75, 77576787, 913
1636, 66, 405, 1079, 0, 0, 57.03%, 15, 0, 52, 45819.09, 77810768, 913
1641, 66, 371, 1079, 0, 0, 57.03%, 15, 0, 52, 46448.59, 78046085, 913
1646, 66, 388, 1079, 0, 0, 57.03%, 15, 0, 52, 46296.74, 78279558, 913
1651, 67, 461, 1079, 0, 0, 57.03%, 15, 0, 52, 46835.17, 78517517, 913
1657, 67, 362, 1081, 0, 0, 57.03%, 15, 0, 52, 43664.54, 78738536, 913
1662, 67, 739, 1081, 0, 0, 57.03%, 15, 0, 52, 43910.15, 78963750, 913
1667, 67, 360, 1081, 0, 0, 57.03%, 15, 0, 52, 45789.12, 79194108, 913
1672, 67, 698, 1081, 0, 0, 57.03%, 15, 0, 52, 44224.88, 79417533, 913
1677, 68, 152, 1081, 0, 0, 57.03%, 15, 0, 52, 45862.76, 79651951, 913
1682, 68, 332, 1081, 0, 0, 57.03%, 15, 0, 52, 44873.77, 79878319, 913
1687, 68, 392, 1081, 0, 0, 57.03%, 15, 0, 52, 44638.81, 80102735, 913
1692, 68, 449, 1081, 0, 0, 57.03%, 15, 0, 52, 43072.03, 80319696, 913
1697, 68, 709, 1081, 0, 0, 57.03%, 15, 0, 52, 42669.94, 80534909, 913
1702, 68, 198, 1081, 0, 0, 57.03%, 15, 0, 52, 43076.77, 80755264, 913
1707, 69, 382, 1081, 0, 0, 57.03%, 15, 0, 52, 44496.85, 80980132, 913
1712, 69, 920, 1081, 0, 0, 57.03%, 15, 0, 52, 46790.84, 81217418, 913
1717, 69, 245, 1081, 0, 0, 57.03%, 15, 0, 52, 47256.44, 81456489, 913
1722, 69, 333, 1081, 0, 0, 57.03%, 15, 0, 52, 45750.89, 81687915, 913
1727, 69, 806, 1081, 0, 0, 57.03%, 15, 0, 52, 45927.94, 81918988, 913
1733, 70, 1078, 1082, 1, 0, 57.03%, 15, 0, 52, 43562.77, 82139303, 913
1738, 70, 1082, 1084, 2, 0, 57.03%, 15, 0, 52, 27293.69, 82329972, 913
1743, 70, 366, 1084, 0, 0, 57.03%, 15, 0, 52, 35675.78, 82503862, 913
1748, 70, 660, 1084, 0, 0, 57.03%, 15, 0, 52, 43742.44, 82738610, 913
1753, 70, 196, 1084, 0, 0, 57.03%, 15, 0, 52, 43357.42, 82962260, 913
1758, 70, 170, 1084, 0, 0, 57.03%, 15, 0, 52, 44861.29, 83192970, 913
1763, 71, 438, 1084, 0, 0, 57.03%, 15, 0, 52, 43052.48, 83409033, 913
1768, 71, 1076, 1084, 0, 0, 57.03%, 15, 0, 52, 43960.55, 83631798, 913
1773, 71, 199, 1084, 0, 0, 57.03%, 15, 0, 52, 45723.21, 83859660, 913
1778, 71, 1078, 1084, 0, 0, 57.03%, 15, 0, 52, 43762.39, 84079876, 913
1783, 71, 392, 1084, 0, 0, 57.03%, 15, 0, 52, 43154.25, 84298409, 913
1788, 72, 1077, 1084, 0, 0, 57.03%, 15, 0, 52, 43983.04, 84520350, 913
1794, 72, 408, 1084, 0, 0, 57.03%, 15, 0, 52, 44887.81, 84748363, 913
1799, 72, 452, 1084, 0, 0, 57.03%, 15, 0, 52, 43420.15, 84967354, 913
1804, 72, 1080, 1084, 0, 0, 57.03%, 15, 0, 52, 44938.44, 85194057, 913
1809, 72, 198, 1084, 0, 0, 57.03%, 15, 0, 52, 44771.94, 85418782, 913
1814, 72, 792, 1084, 0, 0, 57.03%, 15, 0, 52, 45702.86, 85650408, 913
1819, 73, 701, 1084, 0, 0, 57.03%, 15, 0, 52, 45569.45, 85875389, 913
1824, 73, 757, 1084, 0, 0, 57.03%, 15, 0, 52, 44009.63, 86097886, 913
1829, 73, 1065, 1084, 0, 0, 57.03%, 15, 0, 52, 45538.05, 86328040, 913
1834, 73, 646, 1084, 0, 0, 57.03%, 15, 0, 52, 45102.50, 86555762, 913
1839, 73, 921, 1084, 0, 0, 57.03%, 15, 0, 52, 44342.71, 86780905, 913
1844, 73, 215, 1084, 0, 0, 57.03%, 15, 0, 52, 44034.26, 87001803, 913
1849, 74, 359, 1084, 0, 0, 57.03%, 15, 0, 52, 43947.42, 87225115, 913
1854, 74, 503, 1084, 0, 0, 57.03%, 15, 0, 52, 45471.84, 87457773, 913
1859, 74, 813, 1084, 0, 0, 57.03%, 15, 0, 52, 45738.45, 87690267, 913
1864, 74, 382, 1084, 0, 0, 57.03%, 15, 0, 52, 45757.97, 87921539, 913
1870, 74, 330, 1084, 0, 0, 57.03%, 15, 0, 52, 42984.74, 88139412, 913
1875, 75, 348, 1084, 0, 0, 57.03%, 15, 0, 52, 44865.75, 88367781, 913
1880, 75, 392, 1084, 0, 0, 57.03%, 15, 0, 52, 44099.19, 88588757, 913
1885, 75, 701, 1084, 0, 0, 57.03%, 15, 0, 52, 44118.65, 88810914, 913
1890, 75, 748, 1084, 0, 0, 57.03%, 15, 0, 52, 44199.51, 89030884, 913
1895, 75, 174, 1084, 0, 0, 57.03%, 15, 0, 52, 44442.33, 89254944, 913
1900, 75, 256, 1084, 0, 0, 57.03%, 15, 0, 52, 43571.06, 89476825, 913
1905, 76, 332, 1084, 0, 0, 57.03%, 15, 0, 52, 45276.40, 89710212, 913
1910, 76, 661, 1085, 1, 0, 57.03%, 15, 0, 52, 44742.34, 89938639, 913
1915, 76, 930, 1086, 1, 0, 57.03%, 15, 0, 52, 43938.40, 90161852, 913
1920, 76, 64, 1086, 0, 0, 57.03%, 15, 0, 52, 44877.25, 90387101, 913
1925, 76, 416, 1086, 0, 0, 57.03%, 15, 0, 52, 43527.35, 90609718, 913
1931, 76, 392, 1086, 0, 0, 57.03%, 15, 0, 52, 43890.60, 90837474, 913
1936, 77, 480, 1086, 0, 0, 57.03%, 15, 0, 52, 44160.54, 91061860, 913
1941, 77, 89, 1086, 0, 0, 57.03%, 15, 0, 52, 44114.89, 91287375, 913
1946, 77, 412, 1086, 0, 0, 57.03%, 15, 0, 52, 44225.30, 91511013, 913
1951, 77, 250, 1086, 0, 0, 57.03%, 15, 0, 52, 43615.63, 91732897, 913
1956, 77, 131, 1086, 0, 0, 57.03%, 15, 0, 52, 44408.24, 91964395, 913
1961, 78, 344, 1086, 0, 0, 57.03%, 15, 0, 52, 44539.81, 92193419, 913
1966, 78, 382, 1086, 0, 0, 57.03%, 15, 0, 52, 43697.34, 92418196, 913
1971, 78, 554, 1086, 0, 0, 57.03%, 15, 0, 52, 44662.04, 92647819, 913
1976, 78, 814, 1087, 0, 0, 57.03%, 15, 0, 52, 42098.01, 92865858, 913
1981, 78, 481, 1087, 0, 0, 57.03%, 15, 0, 52, 42035.60, 93078653, 913
1987, 78, 506, 1087, 0, 0, 57.03%, 15, 0, 52, 43142.33, 93303012, 913
1992, 79, 475, 1087, 0, 0, 57.03%, 15, 0, 52, 45549.70, 93527835, 913
1997, 79, 231, 1087, 0, 0, 57.03%, 15, 0, 52, 44220.02, 93751083, 913
2002, 79, 224, 1087, 0, 0, 57.03%, 15, 0, 52, 43780.53, 93976092, 913
2007, 79, 94, 1087, 0, 0, 57.03%, 15, 0, 52, 44228.91, 94201152, 913
2012, 79, 513, 1087, 0, 0, 57.03%, 15, 0, 52, 46308.06, 94436418, 913
2017, 80, 140, 1087, 0, 0, 57.03%, 15, 0, 52, 44332.25, 94659029, 913
2022, 80, 747, 1087, 0, 0, 57.03%, 15, 0, 52, 42740.11, 94875321, 913
2027, 80, 198, 1087, 0, 0, 57.03%, 15, 0, 52, 45317.45, 95107019, 913
2032, 80, 131, 1087, 0, 0, 57.03%, 15, 0, 52, 44964.73, 95324305, 913
2037, 80, 405, 1087, 0, 0, 57.03%, 15, 0, 52, 44529.49, 95549074, 913
2042, 80, 757, 1087, 0, 0, 57.03%, 15, 0, 52, 43821.87, 95771634, 913
2047, 81, 502, 1087, 0, 0, 57.03%, 15, 0, 52, 44708.31, 95994837, 913
2052, 81, 660, 1087, 0, 0, 57.03%, 15, 0, 52, 45565.02, 96226611, 913
2057, 81, 816, 1088, 1, 0, 57.03%, 15, 0, 52, 44567.28, 96452404, 913
2062, 81, 393, 1088, 0, 0, 57.03%, 15, 0, 52, 44238.18, 96664881, 913
2067, 81, 344, 1088, 0, 0, 57.03%, 15, 0, 52, 42336.52, 96880049, 913
2072, 81, 163, 1088, 0, 0, 57.03%, 15, 0, 52, 44147.66, 97103679, 913
2078, 82, 698, 1088, 0, 0, 57.03%, 15, 0, 52, 42472.31, 97316670, 913
2083, 82, 742, 1088, 0, 0, 57.03%, 15, 0, 52, 44201.81, 97543816, 913
2088, 82, 244, 1088, 0, 0, 57.03%, 15, 0, 52, 43980.00, 97766189, 913
2093, 82, 832, 1088, 0, 0, 57.03%, 15, 0, 52, 43716.36, 97986333, 913
2098, 82, 408, 1088, 0, 0, 57.03%, 15, 0, 52, 44367.98, 98208855, 913
2103, 82, 185, 1088, 0, 0, 57.03%, 15, 0, 52, 45027.71, 98436492, 913
2108, 83, 766, 1088, 0, 0, 57.03%, 15, 0, 52, 44224.20, 98657455, 913
2113, 83, 813, 1088, 0, 0, 57.03%, 15, 0, 52, 44633.13, 98886399, 913
2118, 83, 1003, 1088, 0, 0, 57.03%, 15, 0, 52, 44628.11, 99114704, 913
2123, 83, 408, 1088, 0, 0, 57.03%, 15, 0, 52, 44131.06, 99339065, 913
2128, 83, 360, 1088, 0, 0, 57.03%, 15, 0, 52, 44866.43, 99569854, 913
2133, 84, 495, 1088, 0, 0, 57.03%, 15, 0, 52, 45651.26, 99799204, 913
2138, 84, 667, 1088, 0, 0, 57.03%, 15, 0, 52, 44609.24, 100024945, 913
2144, 84, 987, 1088, 0, 0, 57.03%, 15, 0, 52, 44773.63, 100254127, 913
2149, 84, 623, 1088, 0, 0, 57.03%, 15, 0, 52, 43269.55, 100475893, 913
2154, 84, 278, 1088, 0, 0, 57.03%, 15, 0, 52, 43662.33, 100700128, 913
2159, 84, 616, 1088, 0, 0, 57.03%, 15, 0, 52, 44360.39, 100924926, 913
2164, 85, 362, 1088, 0, 0, 57.03%, 15, 0, 52, 45206.64, 101154348, 913
2169, 85, 1020, 1088, 0, 0, 57.03%, 15, 0, 52, 45167.24, 101377510, 913
2174, 85, 564, 1088, 0, 0, 57.03%, 15, 0, 52, 43531.28, 101601769, 913
2179, 85, 709, 1088, 0, 0, 57.03%, 15, 0, 52, 43185.33, 101820735, 913
2184, 85, 150, 1088, 0, 0, 57.03%, 15, 0, 52, 43216.96, 102039497, 913
2189, 85, 865, 1088, 0, 0, 57.03%, 15, 0, 52, 42781.42, 102256995, 913
2194, 86, 393, 1088, 0, 0, 57.03%, 15, 0, 52, 45520.38, 102490806, 913
2199, 86, 366, 1088, 0, 0, 57.03%, 15, 0, 52, 44015.68, 102714249, 913
2204, 86, 553, 1088, 0, 0, 57.03%, 15, 0, 52, 44843.92, 102939908, 913
2210, 86, 362, 1088, 0, 0, 57.03%, 15, 0, 52, 44413.08, 103165009, 913
2215, 86, 542, 1088, 0, 0, 57.03%, 15, 0, 52, 43467.99, 103387556, 913
2220, 87, 315, 1088, 0, 0, 57.03%, 15, 0, 52, 43764.08, 103610545, 913
2225, 87, 163, 1088, 0, 0, 57.03%, 15, 0, 52, 44005.67, 103833274, 913
2230, 87, 899, 1088, 0, 0, 57.03%, 15, 0, 52, 45809.30, 104068602, 913
2235, 87, 223, 1088, 0, 0, 57.03%, 15, 0, 52, 43816.21, 104291226, 913
2240, 87, 831, 1088, 0, 0, 57.03%, 15, 0, 52, 43320.27, 104511930, 913
2245, 87, 475, 1088, 0, 0, 57.03%, 15, 0, 52, 44581.64, 104737145, 913
2250, 88, 392, 1088, 0, 0, 57.03%, 15, 0, 52, 43624.69, 104959583, 913
2255, 88, 215, 1088, 0, 0, 57.03%, 15, 0, 52, 45119.54, 105186960, 913
2260, 88, 382, 1088, 0, 0, 57.03%, 15, 0, 52, 44993.27, 105412421, 913
2265, 88, 568, 1088, 0, 0, 57.03%, 15, 0, 52, 45443.85, 105640376, 913
2270, 88, 495, 1088, 0, 0, 57.03%, 15, 0, 52, 45055.39, 105868840, 913
2275, 89, 198, 1088, 0, 0, 57.03%, 15, 0, 52, 44098.95, 106093229, 913
2281, 89, 975, 1088, 0, 0, 57.03%, 15, 0, 52, 46179.13, 106327078, 913
2286, 89, 1031, 1088, 0, 0, 57.03%, 15, 0, 52, 43020.28, 106547616, 913
2291, 89, 398, 1088, 0, 0, 57.03%, 15, 0, 52, 43161.00, 106766632, 913
2296, 89, 801, 1088, 0, 0, 57.03%, 15, 0, 52, 44470.08, 106993006, 913
2301, 89, 630, 1088, 0, 0, 57.03%, 15, 0, 52, 43485.08, 107217345, 913
2306, 90, 869, 1088, 0, 0, 57.03%, 15, 0, 52, 43755.56, 107442325, 913
2311, 90, 147, 1088, 0, 0, 57.03%, 15, 0, 52, 43107.05, 107658511, 913
2316, 90, 529, 1088, 0, 0, 57.03%, 15, 0, 52, 45247.56, 107890051, 913
2321, 90, 446, 1088, 0, 0, 57.03%, 15, 0, 52, 43787.68, 108111429, 913
2326, 90, 388, 1088, 0, 0, 57.03%, 15, 0, 52, 45375.65, 108343323, 913
2331, 91, 250, 1088, 0, 0, 57.03%, 15, 0, 52, 43943.44, 108567754, 913
2336, 91, 388, 1088, 0, 0, 57.03%, 15, 0, 52, 44315.12, 108792120, 913
2341, 91, 348, 1088, 0, 0, 57.03%, 15, 0, 52, 45524.79, 109018496, 913
2347, 91, 1076, 1088, 0, 0, 57.03%, 15, 0, 52, 43654.55, 109236879, 913
2352, 91, 672, 1088, 0, 0, 57.03%, 15, 0, 52, 43707.79, 109460937, 913
2357, 91, 223, 1088, 0, 0, 57.03%, 15, 0, 52, 42647.82, 109675479, 913
2362, 92, 967, 1089, 1, 0, 57.03%, 15, 0, 52, 42707.21, 109899956, 913
2367, 92, 495, 1089, 1, 0, 57.03%, 15, 0, 52, 44477.26, 110129694, 913
2372, 92, 385, 1090, 0, 0, 57.03%, 15, 0, 53, 29525.00, 110319776, 913
2377, 92, 95, 1090, 0, 0, 57.03%, 15, 0, 53, 41946.22, 110544378, 913
2382, 92, 347, 1090, 0, 0, 57.03%, 15, 0, 53, 43682.48, 110760473, 913
2387, 92, 365, 1090, 0, 0, 57.03%, 15, 0, 53, 43693.19, 110980898, 913
2392, 93, 388, 1090, 0, 0, 57.03%, 15, 0, 53, 44706.38, 111209684, 913
2397, 93, 332, 1090, 0, 0, 57.03%, 15, 0, 53, 45099.25, 111439046, 913
2402, 93, 927, 1090, 0, 0, 57.03%, 15, 0, 53, 44658.15, 111664675, 913
2408, 93, 725, 1090, 0, 0, 57.03%, 15, 0, 53, 44541.83, 111888380, 913
2413, 93, 1038, 1090, 0, 0, 57.03%, 15, 0, 53, 42446.45, 112102538, 913
2418, 93, 332, 1090, 0, 0, 57.03%, 15, 0, 53, 44487.43, 112330301, 913
2423, 94, 263, 1090, 0, 0, 57.03%, 15, 0, 53, 45027.32, 112560411, 913
2428, 94, 518, 1090, 0, 0, 57.03%, 15, 0, 53, 41978.64, 112778226, 913
2433, 94, 643, 1090, 0, 0, 57.03%, 15, 0, 53, 44345.25, 113004816, 913
2438, 94, 1082, 1090, 0, 0, 57.03%, 15, 0, 53, 44433.01, 113231271, 913
2443, 94, 542, 1090, 0, 0, 57.03%, 15, 0, 53, 43218.36, 113451213, 913
2448, 95, 714, 1090, 0, 0, 57.03%, 15, 0, 53, 43612.67, 113675791, 913
2453, 95, 375, 1090, 0, 0, 57.03%, 15, 0, 53, 44152.86, 113899455, 913
2458, 95, 103, 1090, 0, 0, 57.03%, 15, 0, 53, 43758.03, 114123527, 913
2463, 95, 686, 1090, 0, 0, 57.03%, 15, 0, 53, 42672.84, 114333961, 913
2468, 95, 315, 1090, 0, 0, 57.03%, 15, 0, 53, 43884.33, 114559856, 913
2474, 95, 799, 1090, 0, 0, 57.03%, 15, 0, 53, 44027.78, 114780839, 913
2479, 96, 568, 1090, 0, 0, 57.03%, 15, 0, 53, 44596.09, 115010522, 913
2484, 96, 238, 1090, 0, 0, 57.03%, 15, 0, 53, 43206.47, 115231993, 913
2489, 96, 842, 1090, 0, 0, 57.03%, 15, 0, 53, 44694.52, 115455412, 913
2494, 96, 424, 1090, 0, 0, 57.03%, 15, 0, 53, 45415.30, 115684219, 913
2499, 96, 653, 1090, 0, 0, 57.03%, 15, 0, 53, 43983.90, 115909889, 913
2504, 96, 205, 1091, 1, 0, 57.03%, 15, 0, 54, 37129.70, 116113398, 913
2509, 97, 972, 1091, 0, 0, 57.03%, 15, 0, 54, 42074.34, 116313352, 913
2514, 97, 750, 1091, 0, 0, 57.03%, 15, 0, 54, 42334.16, 116527517, 913
2519, 97, 408, 1091, 0, 0, 57.03%, 15, 0, 54, 43140.07, 116751253, 913
2524, 97, 392, 1091, 0, 0, 57.03%, 15, 0, 54, 44628.37, 116976616, 913
2530, 97, 393, 1091, 0, 0, 57.03%, 15, 0, 54, 44231.49, 117197864, 913
2535, 97, 487, 1091, 0, 0, 57.03%, 15, 0, 54, 43571.82, 117420501, 913
2540, 98, 405, 1091, 0, 0, 57.03%, 15, 0, 54, 41756.47, 117627704, 913
2545, 98, 338, 1091, 0, 0, 57.03%, 15, 0, 54, 42649.31, 117845374, 913
2550, 98, 616, 1091, 0, 0, 57.03%, 15, 0, 54, 44595.27, 118075380, 913
2555, 98, 660, 1091, 0, 0, 57.03%, 15, 0, 54, 43002.41, 118290879, 913
2560, 98, 694, 1091, 0, 0, 57.03%, 15, 0, 54, 42318.04, 118508010, 913
2565, 98, 185, 1091, 0, 0, 57.03%, 15, 0, 54, 44354.11, 118734881, 913
2570, 99, 382, 1091, 0, 0, 57.03%, 15, 0, 54, 42726.92, 118950539, 913
2575, 99, 604, 1091, 0, 0, 57.03%, 15, 0, 54, 46240.05, 119185145, 913
2580, 99, 332, 1091, 0, 0, 57.03%, 15, 0, 54, 45306.53, 119418591, 913
2585, 99, 398, 1091, 0, 0, 57.03%, 15, 0, 54, 44594.07, 119643628, 913
2590, 99, 560, 1091, 0, 0, 57.03%, 15, 0, 54, 43825.88, 119865497, 913
2596, 100, 344, 1091, 0, 0, 57.03%, 15, 0, 54, 43357.11, 120086437, 913
2601, 100, 409, 1091, 0, 0, 57.03%, 15, 0, 54, 43816.26, 120306574, 913
2606, 100, 231, 1091, 0, 0, 57.03%, 15, 0, 54, 44944.98, 120534226, 913
2611, 100, 405, 1091, 0, 0, 57.03%, 15, 0, 54, 44653.56, 120758215, 913
2616, 100, 405, 1091, 0, 0, 57.03%, 15, 0, 54, 41067.36, 120969151, 913
2621, 100, 240, 1091, 0, 0, 57.03%, 15, 0, 54, 44248.66, 121196377, 913
2626, 101, 610, 1091, 0, 0, 57.03%, 15, 0, 54, 44189.58, 121418331, 913
2631, 101, 362, 1092, 1, 0, 57.03%, 15, 0, 54, 44298.87, 121642172, 913
2636, 101, 392, 1092, 1, 0, 57.03%, 15, 0, 54, 44131.18, 121862156, 913
2641, 101, 231, 1092, 1, 0, 57.03%, 15, 0, 54, 44330.29, 122088214, 913
2646, 101, 706, 1092, 0, 0, 57.03%, 15, 0, 54, 42821.88, 122304201, 913
2651, 101, 1037, 1092, 0, 0, 57.03%, 15, 0, 54, 41977.56, 122510693, 913
2656, 102, 457, 1092, 0, 0, 57.03%, 15, 0, 54, 44341.07, 122738173, 913
2662, 102, 784, 1092, 0, 0, 57.03%, 15, 0, 54, 44723.95, 122962439, 913
2667, 102, 211, 1092, 0, 0, 57.03%, 15, 0, 54, 44483.23, 123186621, 913
2672, 102, 198, 1093, 1, 0, 57.03%, 15, 0, 54, 42942.26, 123398641, 913
2677, 102, 415, 1093, 0, 0, 57.03%, 15, 0, 54, 42655.40, 123612022, 913
2682, 103, 231, 1093, 0, 0, 57.03%, 15, 0, 54, 45180.03, 123840108, 913
2687, 103, 660, 1093, 0, 0, 57.03%, 15, 0, 54, 44460.81, 124062238, 913
2692, 103, 348, 1093, 0, 0, 57.03%, 15, 0, 54, 44153.68, 124282094, 913
2697, 103, 788, 1093, 0, 0, 57.03%, 15, 0, 54, 44185.43, 124504856, 913
2702, 103, 225, 1093, 0, 0, 57.03%, 15, 0, 54, 43936.64, 124729350, 913
2707, 103, 388, 1093, 0, 0, 57.03%, 15, 0, 54, 43185.98, 124946083, 913
2712, 104, 84, 1093, 0, 0, 57.03%, 15, 0, 54, 44546.16, 125172505, 913
2717, 104, 746, 1093, 0, 0, 57.03%, 15, 0, 54, 44350.02, 125398959, 913
2722, 104, 731, 1093, 0, 0, 57.03%, 15, 0, 54, 41907.85, 125612071, 913
2728, 104, 199, 1093, 0, 0, 57.03%, 16, 0, 54, 42844.88, 125831898, 913
2733, 104, 169, 1093, 0, 0, 57.03%, 16, 0, 54, 44452.15, 126055991, 913
2738, 105, 140, 1093, 0, 0, 57.03%, 16, 0, 54, 44966.21, 126283696, 913
2743, 105, 224, 1093, 0, 0, 57.03%, 16, 0, 54, 44225.00, 126509513, 913
2748, 105, 257, 1093, 0, 0, 57.03%, 16, 0, 54, 44280.32, 126729594, 913
2753, 105, 310, 1093, 0, 0, 57.03%, 16, 0, 54, 43631.42, 126950607, 913
2758, 105, 199, 1093, 0, 0, 57.03%, 16, 0, 54, 45517.75, 127183741, 913
2763, 105, 390, 1093, 0, 0, 57.03%, 16, 0, 54, 42894.96, 127397741, 913
2768, 106, 393, 1093, 0, 0, 57.03%, 16, 0, 54, 44255.83, 127620795, 913
2773, 106, 224, 1093, 0, 0, 57.03%, 16, 0, 54, 44791.55, 127850828, 913
2778, 106, 944, 1093, 0, 0, 57.03%, 16, 0, 54, 43764.69, 128073214, 913
2783, 106, 988, 1093, 0, 0, 57.03%, 16, 0, 54, 45117.96, 128302162, 913
2788, 106, 296, 1093, 0, 0, 57.03%, 16, 0, 54, 43581.53, 128519417, 913
2793, 106, 312, 1093, 0, 0, 57.03%, 16, 0, 54, 43941.49, 128739050, 913
2799, 107, 1092, 1093, 0, 0, 57.03%, 16, 0, 54, 41995.07, 128956510, 913
2804, 107, 538, 1093, 0, 0, 57.03%, 16, 0, 54, 44210.38, 129181022, 913
2809, 107, 912, 1093, 0, 0, 57.03%, 16, 0, 54, 41135.17, 129391109, 913
2814, 107, 390, 1093, 0, 0, 57.03%, 16, 0, 54, 44979.73, 129626793, 913
2819, 107, 390, 1093, 0, 0, 57.03%, 16, 0, 54, 43215.54, 129845904, 913
2824, 108, 132, 1093, 0, 0, 57.03%, 16, 0, 54, 44693.49, 130074363, 913
2829, 108, 285, 1093, 0, 0, 57.03%, 16, 0, 54, 43713.67, 130297036, 913
2834, 108, 1023, 1093, 0, 0, 57.03%, 16, 0, 54, 42678.39, 130514018, 913
2839, 108, 344, 1093, 0, 0, 57.03%, 16, 0, 54, 44996.06, 130742294, 913
2844, 108, 996, 1093, 0, 0, 57.03%, 16, 0, 54, 44877.37, 130972917, 913
2849, 108, 946, 1093, 0, 0, 57.03%, 16, 0, 54, 42843.88, 131189898, 913
2855, 109, 416, 1093, 0, 0, 57.03%, 16, 0, 54, 43219.70, 131406726, 913
2860, 109, 733, 1093, 0, 0, 57.03%, 16, 0, 54, 42497.60, 131624633, 913
2865, 109, 382, 1093, 0, 0, 57.03%, 16, 0, 54, 42497.45, 131841831, 913
2870, 109, 523, 1093, 0, 0, 57.03%, 16, 0, 54, 43723.94, 132066460, 913
2875, 109, 408, 1093, 0, 0, 57.03%, 16, 0, 54, 42621.41, 132280138, 913
2880, 109, 314, 1093, 0, 0, 57.03%, 16, 0, 54, 43171.95, 132495410, 913
2885, 110, 387, 1093, 0, 0, 57.03%, 16, 0, 54, 45011.00, 132725371, 913
2890, 110, 231, 1093, 0, 0, 57.03%, 16, 0, 54, 43817.61, 132947548, 913
2895, 110, 722, 1093, 0, 0, 57.03%, 16, 0, 54, 42481.81, 133167618, 913
2900, 110, 863, 1093, 0, 0, 57.03%, 16, 0, 54, 43979.19, 133392888, 913
2905, 110, 166, 1093, 0, 0, 57.03%, 16, 0, 54, 43043.53, 133608940, 913
2910, 111, 419, 1093, 0, 0, 57.03%, 16, 0, 54, 43737.70, 133831445, 913
2915, 111, 532, 1093, 0, 0, 57.03%, 16, 0, 54, 43876.86, 134053587, 913
2920, 111, 1093, 1094, 1, 0, 57.03%, 16, 0, 54, 8239.62, 134251759, 913
2926, 111, 567, 1094, 0, 0, 57.03%, 16, 0, 54, 39622.71, 134447872, 913
2931, 111, 777, 1094, 0, 0, 57.03%, 16, 0, 54, 43191.43, 134672187, 913
2936, 111, 398, 1094, 0, 0, 57.03%, 16, 0, 54, 44379.53, 134898889, 913
2941, 112, 321, 1094, 0, 0, 57.03%, 16, 0, 54, 43798.54, 135121830, 913
2946, 112, 583, 1094, 0, 0, 57.03%, 16, 0, 54, 42603.90, 135338952, 913
2951, 112, 425, 1095, 1, 0, 57.03%, 16, 0, 54, 42781.70, 135559561, 913
2956, 112, 199, 1095, 0, 0, 57.03%, 16, 0, 54, 31043.96, 135736554, 913
2961, 112, 660, 1095, 0, 0, 57.03%, 16, 0, 54, 42006.77, 135964385, 913
2966, 112, 505, 1095, 0, 0, 57.03%, 16, 0, 54, 44128.37, 136190715, 913
2971, 113, 545, 1095, 0, 0, 57.03%, 16, 0, 54, 45260.60, 136420592, 913
2976, 113, 897, 1095, 0, 0, 57.03%, 16, 0, 54, 43638.39, 136637448, 913
2982, 113, 703, 1095, 0, 0, 57.03%, 16, 0, 54, 42430.39, 136851996, 913
2987, 113, 803, 1095, 0, 0, 57.03%, 16, 0, 54, 43957.41, 137074814, 913
2992, 113, 584, 1095, 0, 0, 57.03%, 16, 0, 54, 43576.32, 137296023, 913
2997, 113, 538, 1095, 0, 0, 57.03%, 16, 0, 54, 43019.84, 137512456, 913
3002, 114, 1088, 1095, 0, 0, 57.03%, 16, 0, 54, 42729.63, 137735019, 913
3007, 114, 602, 1095, 0, 0, 57.03%, 16, 0, 54, 43019.29, 137955097, 913
3012, 114, 388, 1095, 0, 0, 57.03%, 16, 0, 54, 44125.00, 138180731, 913
3017, 114, 450, 1095, 0, 0, 57.03%, 16, 0, 54, 44430.67, 138408220, 913
3022, 114, 411, 1095, 0, 0, 57.03%, 16, 0, 54, 44016.69, 138628165, 913
3027, 114, 556, 1095, 0, 0, 57.03%, 16, 0, 54, 43056.59, 138845861, 913
3033, 115, 296, 1095, 0, 0, 57.03%, 16, 0, 54, 43197.22, 139065279, 913
3038, 115, 231, 1095, 0, 0, 57.03%, 16, 0, 54, 43880.39, 139290958, 913
3043, 115, 610, 1095, 0, 0, 57.03%, 16, 0, 54, 42701.69, 139505631, 913
3048, 115, 495, 1095, 0, 0, 57.03%, 16, 0, 54, 41862.56, 139727556, 913
3053, 115, 304, 1095, 0, 0, 57.03%, 16, 0, 54, 44568.35, 139956796, 913
3058, 116, 2, 1095, 0, 0, 57.03%, 16, 0, 54, 44454.43, 140180395, 913
3063, 116, 660, 1095, 0, 0, 57.03%, 16, 0, 54, 42712.95, 140397153, 913
3068, 116, 1092, 1095, 0, 0, 57.03%, 16, 0, 54, 43019.30, 140613795, 913
3073, 116, 803, 1095, 0, 0, 57.03%, 16, 0, 54, 42772.00, 140830465, 913
3078, 116, 566, 1095, 0, 0, 57.03%, 16, 0, 54, 43987.44, 141054085, 913
3083, 116, 94, 1095, 0, 0, 57.03%, 16, 0, 54, 42820.97, 141268543, 913
3088, 117, 462, 1095, 0, 0, 57.03%, 16, 0, 54, 43179.65, 141492463, 913
3093, 117, 344, 1095, 0, 0, 57.03%, 16, 0, 54, 43823.73, 141715346, 913
3098, 117, 408, 1095, 0, 0, 57.03%, 16, 0, 54, 42294.74, 141921170, 913
3104, 117, 544, 1095, 0, 0, 57.03%, 16, 0, 54, 43588.16, 142146349, 913
3109, 117, 393, 1095, 0, 0, 57.03%, 16, 0, 54, 41282.93, 142355861, 913
3114, 117, 1088, 1095, 0, 0, 57.03%, 16, 0, 54, 42734.13, 142571754, 913
3119, 118, 872, 1095, 0, 0, 57.03%, 16, 0, 54, 44050.01, 142792696, 913
3124, 118, 61, 1095, 0, 0, 57.03%, 16, 0, 54, 43158.46, 143006981, 913
3129, 118, 975, 1095, 0, 0, 57.03%, 16, 0, 54, 43828.24, 143227545, 913
3134, 118, 943, 1095, 0, 0, 57.03%, 16, 0, 54, 44388.43, 143454190, 913
3139, 118, 584, 1095, 0, 0, 57.03%, 16, 0, 54, 45110.32, 143681612, 913
3144, 118, 570, 1095, 0, 0, 57.03%, 16, 0, 54, 43088.81, 143898803, 913
3149, 119, 285, 1096, 1, 0, 57.03%, 16, 0, 54, 43641.24, 144124041, 913
3154, 119, 681, 1098, 1, 0, 57.03%, 16, 0, 54, 41247.45, 144316288, 913
3159, 119, 878, 1098, 1, 0, 57.03%, 16, 0, 54, 42032.76, 144531975, 913
3164, 119, 730, 1099, 0, 0, 57.03%, 16, 0, 54, 36330.94, 144703685, 913
3169, 119, 660, 1099, 0, 0, 57.03%, 16, 0, 54, 41630.48, 144921143, 913
3174, 119, 825, 1099, 0, 0, 57.03%, 16, 0, 54, 42269.80, 145138211, 913
3180, 120, 813, 1099, 0, 0, 57.03%, 16, 0, 54, 42305.49, 145352462, 913
3185, 120, 813, 1099, 0, 0, 57.03%, 16, 0, 54, 43984.43, 145575630, 913
3190, 120, 405, 1099, 0, 0, 57.03%, 16, 0, 54, 41389.42, 145784237, 913
3195, 120, 360, 1099, 0, 0, 57.03%, 16, 0, 54, 42591.82, 145999763, 913
3200, 120, 286, 1099, 0, 0, 57.03%, 16, 0, 54, 42939.89, 146220133, 913
3205, 120, 738, 1099, 0, 0, 57.03%, 16, 0, 54, 43600.91, 146439823, 913
3210, 121, 829, 1099, 0, 0, 57.03%, 16, 0, 54, 41180.42, 146645451, 913
3215, 121, 150, 1099, 0, 0, 57.03%, 16, 0, 54, 42083.69, 146860961, 913
3220, 121, 872, 1099, 0, 0, 57.03%, 16, 0, 54, 43448.82, 147084582, 913
3225, 121, 385, 1099, 0, 0, 57.03%, 16, 0, 54, 44823.81, 147309928, 913
3230, 121, 163, 1099, 0, 0, 57.03%, 16, 0, 54, 45184.47, 147535914, 913
3235, 121, 804, 1099, 0, 0, 57.03%, 16, 0, 54, 42665.56, 147750633, 913
3240, 122, 396, 1099, 0, 0, 57.03%, 16, 0, 54, 42445.32, 147963888, 913
3246, 122, 375, 1099, 0, 0, 57.03%, 16, 0, 54, 43310.76, 148185924, 913
3251, 122, 314, 1099, 0, 0, 57.03%, 16, 0, 54, 42079.74, 148395762, 913
3256, 122, 468, 1099, 0, 0, 57.03%, 16, 0, 54, 42377.42, 148610646, 913
3261, 122, 372, 1099, 0, 0, 57.03%, 16, 0, 54, 44088.05, 148832941, 913
3266, 122, 74, 1099, 0, 0, 57.03%, 16, 0, 54, 42857.37, 149047672, 913
3271, 123, 250, 1099, 0, 0, 57.03%, 16, 0, 54, 43840.21, 149270406, 913
3276, 123, 1090, 1099, 0, 0, 57.03%, 16, 0, 54, 43593.11, 149492717, 913
3281, 123, 467, 1099, 0, 0, 57.03%, 16, 0, 54, 45084.56, 149720554, 913
3286, 123, 5, 1099, 0, 0, 57.03%, 16, 0, 54, 44837.16, 149944937, 913
3291, 123, 315, 1099, 0, 0, 57.03%, 16, 0, 54, 42476.13, 150159688, 913
3296, 123, 186, 1099, 0, 0, 57.03%, 16, 0, 54, 40805.07, 150366046, 913
3301, 124, 714, 1099, 0, 0, 57.03%, 16, 0, 54, 43193.05, 150586038, 913
3306, 124, 33, 1099, 0, 0, 57.03%, 16, 0, 54, 43741.12, 150808882, 913
3311, 124, 922, 1099, 0, 0, 57.03%, 16, 0, 54, 43807.39, 151032008, 913
3316, 124, 655, 1099, 0, 0, 57.03%, 16, 0, 54, 43725.98, 151250395, 913
3321, 124, 199, 1099, 0, 0, 57.03%, 16, 0, 54, 41568.12, 151464820, 913
3327, 125, 676, 1099, 0, 0, 57.03%, 16, 0, 54, 43485.82, 151686125, 913
3332, 125, 315, 1099, 0, 0, 57.03%, 16, 0, 54, 44752.49, 151912985, 913
3337, 125, 425, 1099, 0, 0, 57.03%, 16, 0, 54, 43062.59, 152128201, 913
3342, 125, 163, 1099, 0, 0, 57.03%, 16, 0, 54, 41468.91, 152338618, 913
3347, 125, 360, 1099, 0, 0, 57.03%, 16, 0, 54, 41593.95, 152546262, 913
3352, 125, 1058, 1099, 0, 0, 57.03%, 16, 0, 54, 41934.69, 152757382, 913
3357, 126, 475, 1099, 0, 0, 57.03%, 16, 0, 54, 42983.92, 152979513, 913
3362, 126, 981, 1099, 0, 0, 57.03%, 16, 0, 54, 43554.38, 153199534, 913
3367, 126, 660, 1099, 0, 0, 57.03%, 16, 0, 54, 44837.52, 153426923, 913
3372, 126, 816, 1099, 0, 0, 57.03%, 16, 0, 54, 44410.70, 153650612, 913
3377, 126, 344, 1099, 0, 0, 57.03%, 16, 0, 54, 42040.07, 153860740, 913
3382, 126, 89, 1099, 0, 0, 57.03%, 16, 0, 54, 42282.87, 154075892, 913
3387, 127, 975, 1099, 0, 0, 57.03%, 16, 0, 54, 42385.48, 154292330, 913
3392, 127, 331, 1099, 0, 0, 57.03%, 16, 0, 54, 43676.12, 154513725, 913
3397, 127, 250, 1099, 0, 0, 57.03%, 16, 0, 54, 42868.80, 154733726, 913
3402, 127, 375, 1099, 0, 0, 57.03%, 16, 0, 54, 42795.86, 154949337, 913
3408, 127, 791, 1099, 0, 0, 57.03%, 16, 0, 54, 43030.93, 155168555, 913
3413, 127, 603, 1099, 0, 0, 57.03%, 16, 0, 54, 42565.16, 155382787, 913
3418, 128, 185, 1099, 0, 0, 57.03%, 16, 0, 54, 44989.90, 155612200, 913
3423, 128, 250, 1099, 0, 0, 57.03%, 16, 0, 54, 42303.20, 155823958, 913
3428, 128, 714, 1099, 0, 0, 57.03%, 16, 0, 54, 40754.53, 156029459, 913
3433, 128, 503, 1099, 0, 0, 57.03%, 16, 0, 54, 40373.34, 156237424, 913
3438, 128, 286, 1099, 0, 0, 57.03%, 16, 0, 54, 41587.94, 156448048, 913
3443, 128, 250, 1099, 0, 0, 57.03%, 16, 0, 54, 42454.70, 156667064, 913
3448, 129, 385, 1099, 0, 0, 57.03%, 16, 0, 54, 41284.10, 156876793, 913
3453, 129, 327, 1099, 0, 0, 57.03%, 16, 0, 54, 41593.58, 157088849, 913
3458, 129, 215, 1099, 0, 0, 57.03%, 16, 0, 54, 43276.25, 157310560, 913
3463, 129, 588, 1099, 0, 0, 57.03%, 16, 0, 54, 41670.96, 157520617, 913
3469, 129, 464, 1099, 0, 0, 57.03%, 16, 0, 54, 42334.41, 157736900, 913
3474, 129, 312, 1099, 0, 0, 57.03%, 16, 0, 54, 42804.05, 157958453, 913
3479, 130, 495, 1099, 0, 0, 57.03%, 16, 0, 54, 41961.22, 158172920, 913
3484, 130, 332, 1099, 0, 0, 57.03%, 16, 0, 54, 44369.07, 158395474, 913
3489, 130, 803, 1099, 0, 0, 57.03%, 16, 0, 54, 42451.21, 158613169, 913
3494, 130, 344, 1099, 0, 0, 57.03%, 16, 0, 54, 43228.97, 158835716, 913
3499, 130, 198, 1099, 0, 0, 57.03%, 16, 0, 54, 43005.09, 159053508, 913
3504, 131, 84, 1099, 0, 0, 57.03%, 16, 0, 54, 43229.79, 159268891, 913
3509, 131, 348, 1099, 0, 0, 57.03%, 16, 0, 54, 44633.11, 159494175, 913
3514, 131, 392, 1099, 0, 0, 57.03%, 16, 0, 54, 45164.54, 159726250, 913
3519, 131, 388, 1099, 0, 0, 57.03%, 16, 0, 54, 45009.42, 159949023, 913
3524, 131, 315, 1099, 0, 0, 57.03%, 16, 0, 54, 43555.10, 160167586, 913
3530, 131, 386, 1099, 0, 0, 57.03%, 16, 0, 54, 45961.13, 160404951, 913
3535, 132, 388, 1099, 0, 0, 57.03%, 16, 0, 54, 43238.91, 160619322, 913
3540, 132, 163, 1099, 0, 0, 57.03%, 16, 0, 54, 44267.30, 160843927, 913
3545, 132, 610, 1099, 0, 0, 57.03%, 16, 0, 54, 43752.73, 161062998, 913
3550, 132, 498, 1099, 0, 0, 57.03%, 16, 0, 54, 41761.92, 161277836, 913
3555, 132, 660, 1099, 0, 0, 57.03%, 16, 0, 54, 42248.45, 161492350, 913
3560, 132, 540, 1099, 0, 0, 57.03%, 16, 0, 54, 42230.25, 161711274, 913
3565, 133, 640, 1099, 0, 0, 57.03%, 16, 0, 54, 42348.68, 161930441, 913
3570, 133, 127, 1099, 0, 0, 57.03%, 16, 0, 54, 43615.60, 162155058, 913
3575, 133, 393, 1099, 0, 0, 57.03%, 16, 0, 54, 43186.36, 162374621, 913
3580, 133, 1087, 1099, 0, 0, 57.03%, 16, 0, 54, 42076.90, 162591363, 913
3586, 133, 408, 1099, 0, 0, 57.03%, 16, 0, 54, 42929.67, 162810539, 913
3591, 133, 524, 1099, 0, 0, 57.03%, 16, 0, 54, 42137.76, 163023482, 913
3596, 134, 312, 1099, 0, 0, 57.03%, 16, 0, 54, 42645.12, 163239477, 913
3601, 134, 205, 1099, 0, 0, 57.03%, 16, 0, 54, 43341.51, 163460890, 913
3606, 134, 163, 1099, 0, 0, 57.03%, 16, 0, 54, 43002.39, 163679124, 913
3611, 134, 674, 1099, 0, 0, 57.03%, 16, 0, 54, 43300.35, 163898519, 913
3616, 134, 765, 1099, 0, 0, 57.03%, 16, 0, 54, 42588.31, 164112995, 913
3621, 134, 484, 1099, 0, 0, 57.03%, 16, 0, 54, 43600.60, 164331047, 913
3626, 135, 388, 1099, 0, 0, 57.03%, 16, 0, 54, 44698.61, 164553068, 913
3631, 135, 952, 1099, 0, 0, 57.03%, 16, 0, 54, 43651.07, 164769474, 913
3635, 135, 798, 1099, 0, 0, 57.03%, 16, 0, 54, 43827.34, 164956757, 913
