# relative_time, cycles_done, cur_item, corpus_count, pending_total, pending_favs, map_size, saved_crashes, saved_hangs, max_depth, execs_per_sec, total_execs, edges_found
60, 1, 1049, 1069, 302, 0, 57.03%, 4, 0, 52, 49374.06, 1791874, 913
65, 1, 1001, 1069, 218, 0, 57.03%, 4, 0, 52, 2537.63, 2008537, 913
71, 1, 545, 1069, 161, 0, 57.03%, 4, 0, 52, 35423.46, 2178759, 913
76, 1, 928, 1069, 107, 0, 57.03%, 4, 0, 52, 47725.78, 2442030, 913
81, 2, 810, 1070, 77, 0, 57.03%, 5, 0, 52, 51870.68, 2700906, 913
86, 2, 827, 1070, 49, 0, 57.03%, 5, 0, 52, 53073.00, 2968539, 913
91, 2, 917, 1070, 26, 0, 57.03%, 5, 0, 52, 53377.09, 3238081, 913
96, 2, 210, 1070, 16, 0, 57.03%, 5, 0, 52, 54699.50, 3520195, 913
101, 3, 544, 1070, 14, 0, 57.03%, 5, 0, 52, 54851.22, 3805600, 913
106, 3, 1070, 1072, 10, 0, 57.03%, 5, 0, 52, 57026.74, 4094506, 913
111, 3, 116, 1072, 5, 0, 57.03%, 6, 0, 52, 54507.62, 4365289, 913
116, 3, 33, 1072, 5, 0, 57.03%, 6, 0, 52, 57099.72, 4654633, 913
121, 4, 831, 1072, 4, 0, 57.03%, 6, 0, 52, 56523.74, 4940894, 913
126, 4, 457, 1072, 4, 0, 57.03%, 7, 0, 52, 55764.90, 5224667, 913
131, 4, 681, 1072, 3, 0, 57.03%, 7, 0, 52, 54326.08, 5497910, 913
136, 4, 584, 1072, 3, 0, 57.03%, 7, 0, 52, 53459.43, 5771180, 913
141, 5, 827, 1072, 3, 0, 57.03%, 8, 0, 52, 55973.49, 6060572, 913
147, 5, 358, 1072, 3, 0, 57.03%, 8, 0, 52, 56001.82, 6346041, 913
152, 5, 267, 1072, 3, 0, 57.03%, 8, 0, 52, 54996.22, 6625474, 913
157, 5, 769, 1072, 1, 0, 57.03%, 8, 0, 52, 55179.32, 6909652, 913
162, 6, 449, 1072, 0, 0, 57.03%, 8, 0, 52, 56243.95, 7192152, 913
167, 6, 616, 1072, 0, 0, 57.03%, 8, 0, 52, 56677.65, 7475238, 913
172, 6, 864, 1072, 0, 0, 57.03%, 8, 0, 52, 54610.60, 7750438, 913
177, 6, 362, 1072, 0, 0, 57.03%, 8, 0, 52, 54540.63, 8029504, 913
182, 6, 1037, 1072, 0, 0, 57.03%, 8, 0, 52, 53220.54, 8297040, 913
187, 7, 107, 1072, 0, 0, 57.03%, 8, 0, 52, 53048.27, 8561002, 913
192, 7, 395, 1072, 0, 0, 57.03%, 8, 0, 52, 53658.49, 8831076, 913
197, 7, 709, 1072, 0, 0, 57.03%, 8, 0, 52, 52039.96, 9096412, 913
202, 7, 443, 1072, 0, 0, 57.03%, 9, 0, 52, 52722.25, 9366732, 913
207, 8, 301, 1072, 0, 0, 57.03%, 9, 0, 52, 54006.87, 9642472, 913
212, 8, 346, 1072, 0, 0, 57.03%, 9, 0, 52, 45012.27, 9867630, 913
217, 8, 440, 1072, 0, 0, 57.03%, 9, 0, 52, 49325.72, 10121990, 913
222, 8, 753, 1072, 0, 0, 57.03%, 9, 0, 52, 49355.19, 10371878, 913
227, 8, 778, 1072, 0, 0, 57.03%, 9, 0, 52, 52851.52, 10643000, 913
233, 9, 616, 1072, 0, 0, 57.03%, 9, 0, 52, 49622.85, 10898914, 913
238, 9, 893, 1072, 0, 0, 57.03%, 9, 0, 52, 50123.77, 11141865, 913
243, 9, 169, 1072, 0, 0, 57.03%, 9, 0, 52, 3213.84, 11397109, 913
248, 9, 314, 1072, 0, 0, 57.03%, 9, 0, 52, 51602.55, 11666347, 913
253, 10, 525, 1072, 0, 0, 57.03%, 9, 0, 52, 51180.12, 11928741, 913
258, 10, 966, 1073, 0, 0, 57.03%, 9, 0, 52, 48663.51, 12169454, 913
263, 10, 344, 1073, 0, 0, 57.03%, 9, 0, 52, 53026.51, 12443274, 913
268, 10, 523, 1073, 0, 0, 57.03%, 9, 0, 52, 53296.64, 12711482, 913
273, 11, 24, 1073, 0, 0, 57.03%, 9, 0, 52, 55934.16, 12997036, 913
278, 11, 690, 1073, 0, 0, 57.03%, 9, 0, 52, 53683.37, 13266794, 913
283, 11, 327, 1073, 0, 0, 57.03%, 9, 0, 52, 54593.72, 13544409, 913
288, 11, 1063, 1073, 0, 0, 57.03%, 9, 0, 52, 52904.41, 13809731, 913
293, 12, 670, 1073, 0, 0, 57.03%, 9, 0, 52, 49957.68, 14053713, 913
299, 12, 496, 1073, 0, 0, 57.03%, 9, 0, 52, 52022.39, 14312848, 913
304, 12, 416, 1073, 0, 0, 57.03%, 9, 0, 52, 54362.58, 14589459, 913
309, 12, 715, 1073, 0, 0, 57.03%, 9, 0, 52, 54653.48, 14867444, 913
314, 13, 84, 1073, 0, 0, 57.03%, 9, 0, 52, 53551.93, 15136819, 913
319, 13, 408, 1073, 0, 0, 57.03%, 9, 0, 52, 54209.68, 15408307, 913
324, 13, 395, 1073, 0, 0, 57.03%, 10, 0, 52, 53579.50, 15679949, 913
329, 13, 224, 1073, 0, 0, 57.03%, 10, 0, 52, 53307.44, 15950873, 913
334, 13, 356, 1073, 0, 0, 57.03%, 11, 0, 52, 54559.82, 16224743, 913
339, 14, 589, 1073, 0, 0, 57.03%, 11, 0, 52, 54886.17, 16500813, 913
344, 14, 660, 1073, 0, 0, 57.03%, 11, 0, 52, 55933.95, 16785164, 913
349, 14, 883, 1073, 0, 0, 57.03%, 11, 0, 52, 53686.69, 17053489, 913
354, 14, 419, 1073, 0, 0, 57.03%, 11, 0, 52, 55209.88, 17331375, 913
359, 15, 879, 1073, 0, 0, 57.03%, 11, 0, 52, 55781.51, 17611918, 913
364, 15, 538, 1073, 0, 0, 57.03%, 11, 0, 52, 55149.66, 17891278, 913
369, 15, 1058, 1073, 0, 0, 57.03%, 11, 0, 52, 53406.98, 18162354, 913
374, 15, 416, 1073, 0, 0, 57.03%, 11, 0, 52, 55007.17, 18440884, 913
379, 16, 315, 1073, 0, 0, 57.03%, 11, 0, 52, 53626.00, 18709521, 913
384, 16, 296, 1073, 0, 0, 57.03%, 11, 0, 52, 53801.96, 18979538, 913
389, 16, 757, 1073, 0, 0, 57.03%, 12, 0, 52, 54680.92, 19255569, 913
395, 16, 232, 1073, 0, 0, 57.03%, 12, 0, 52, 56086.12, 19538921, 913
400, 17, 495, 1073, 0, 0, 57.03%, 12, 0, 52, 54672.68, 19816410, 913
405, 17, 700, 1073, 0, 0, 57.03%, 12, 0, 52, 54326.72, 20093785, 913
410, 17, 431, 1073, 0, 0, 57.03%, 12, 0, 52, 54886.89, 20372741, 913
415, 17, 240, 1073, 0, 0, 57.03%, 13, 0, 52, 54601.28, 20647065, 913
420, 18, 646, 1073, 0, 0, 57.03%, 13, 0, 52, 53521.70, 20919270, 913
425, 18, 346, 1073, 0, 0, 57.03%, 13, 0, 52, 54582.69, 21197773, 913
430, 18, 390, 1073, 0, 0, 57.03%, 14, 0, 52, 54544.56, 21468947, 913
435, 18, 344, 1073, 0, 0, 57.03%, 14, 0, 52, 55990.49, 21751611, 913
440, 19, 384, 1073, 0, 0, 57.03%, 14, 0, 52, 54327.54, 22026714, 913
445, 19, 346, 1073, 0, 0, 57.03%, 14, 0, 52, 55846.45, 22305548, 913
450, 19, 561, 1073, 0, 0, 57.03%, 14, 0, 52, 54742.71, 22580380, 913
455, 19, 392, 1073, 0, 0, 57.03%, 14, 0, 52, 54614.88, 22855778, 913
460, 20, 364, 1073, 0, 0, 57.03%, 14, 0, 52, 54725.05, 23136492, 913
465, 20, 228, 1073, 0, 0, 57.03%, 14, 0, 52, 55219.34, 23415827, 913
470, 20, 280, 1073, 0, 0, 57.03%, 14, 0, 52, 54401.20, 23689712, 913
475, 20, 166, 1073, 0, 0, 57.03%, 14, 0, 52, 54102.85, 23960291, 913
480, 21, 408, 1073, 0, 0, 57.03%, 14, 0, 52, 56038.89, 24243761, 913
485, 21, 1063, 1073, 0, 0, 57.03%, 14, 0, 52, 54365.15, 24515835, 913
491, 21, 224, 1073, 0, 0, 57.03%, 14, 0, 52, 53845.57, 24787890, 913
496, 21, 207, 1073, 0, 0, 57.03%, 14, 0, 52, 54252.73, 25061148, 913
501, 21, 327, 1073, 0, 0, 57.03%, 14, 0, 52, 54016.38, 25334134, 913
506, 22, 339, 1073, 0, 0, 57.03%, 14, 0, 52, 54441.76, 25609417, 913
511, 22, 704, 1073, 0, 0, 57.03%, 14, 0, 52, 54090.62, 25881065, 913
516, 22, 958, 1073, 0, 0, 57.03%, 14, 0, 52, 54200.38, 26154920, 913
521, 22, 375, 1073, 0, 0, 57.03%, 14, 0, 52, 55587.04, 26434089, 913
526, 23, 454, 1073, 0, 0, 57.03%, 14, 0, 52, 55667.97, 26710591, 913
531, 23, 885, 1073, 0, 0, 57.03%, 15, 0, 52, 54557.23, 26985026, 913
536, 23, 408, 1073, 0, 0, 57.03%, 15, 0, 52, 54049.28, 27254339, 913
541, 23, 660, 1073, 0, 0, 57.03%, 15, 0, 52, 54126.31, 27532122, 913
546, 24, 544, 1073, 0, 0, 57.03%, 15, 0, 52, 52572.79, 27795701, 913
551, 24, 567, 1073, 0, 0, 57.03%, 15, 0, 52, 53767.07, 28067610, 913
556, 24, 1024, 1073, 0, 0, 57.03%, 15, 0, 52, 52368.03, 28335925, 913
561, 24, 747, 1073, 0, 0, 57.03%, 15, 0, 52, 53709.74, 28610818, 913
566, 25, 175, 1074, 1, 0, 57.03%, 15, 0, 52, 54471.90, 28890493, 913
571, 25, 394, 1074, 0, 0, 57.03%, 15, 0, 52, 55142.62, 29167386, 913
576, 25, 392, 1074, 0, 0, 57.03%, 15, 0, 52, 55336.39, 29448211, 913
581, 25, 346, 1074, 0, 0, 57.03%, 15, 0, 52, 54672.32, 29725152, 913
586, 26, 315, 1074, 0, 0, 57.03%, 15, 0, 52, 53897.48, 29997263, 913
592, 26, 716, 1074, 0, 0, 57.03%, 15, 0, 52, 53824.82, 30270685, 913
597, 26, 296, 1074, 0, 0, 57.03%, 15, 0, 52, 53616.70, 30537858, 913
602, 26, 367, 1074, 0, 0, 57.03%, 15, 0, 52, 49188.47, 30788360, 913
607, 27, 360, 1074, 0, 0, 57.03%, 15, 0, 52, 46001.30, 31018100, 913
612, 27, 346, 1074, 0, 0, 57.03%, 15, 0, 52, 44057.30, 31243093, 913
617, 27, 408, 1074, 0, 0, 57.03%, 15, 0, 52, 46594.20, 31477879, 913
622, 27, 528, 1074, 0, 0, 57.03%, 15, 0, 52, 45694.57, 31706154, 913
627, 27, 709, 1074, 0, 0, 57.03%, 15, 0, 52, 45255.56, 31934024, 913
632, 28, 392, 1074, 0, 0, 57.03%, 15, 0, 52, 45225.76, 32162201, 913
637, 28, 395, 1074, 0, 0, 57.03%, 15, 0, 52, 44437.81, 32387695, 913
642, 28, 327, 1074, 0, 0, 57.03%, 15, 0, 52, 45650.80, 32619471, 913
647, 28, 1032, 1074, 0, 0, 57.03%, 15, 0, 52, 43076.80, 32836335, 913
653, 28, 315, 1074, 0, 0, 57.03%, 15, 0, 52, 45395.97, 33069657, 913
658, 29, 224, 1074, 0, 0, 57.03%, 15, 0, 52, 44768.70, 33296192, 913
663, 29, 512, 1074, 0, 0, 57.03%, 15, 0, 52, 44279.69, 33521157, 913
668, 29, 170, 1074, 0, 0, 57.03%, 15, 0, 52, 44573.48, 33747817, 913
673, 29, 405, 1074, 0, 0, 57.03%, 15, 0, 52, 42164.44, 33959612, 913
678, 29, 327, 1074, 0, 0, 57.03%, 15, 0, 52, 44798.19, 34185584, 913
683, 30, 250, 1074, 0, 0, 57.03%, 15, 0, 52, 44607.06, 34413187, 913
688, 30, 542, 1074, 0, 0, 57.03%, 15, 0, 52, 45867.35, 34647249, 913
693, 30, 654, 1074, 0, 0, 57.03%, 15, 0, 52, 45386.10, 34877842, 913
698, 30, 327, 1074, 0, 0, 57.03%, 15, 0, 52, 45838.24, 35110315, 913
703, 30, 455, 1074, 0, 0, 57.03%, 15, 0, 52, 44840.23, 35332007, 913
708, 31, 390, 1074, 0, 0, 57.03%, 15, 0, 52, 44904.18, 35559439, 913
713, 31, 2, 1074, 0, 0, 57.03%, 15, 0, 52, 44972.39, 35787845, 913
718, 31, 466, 1074, 0, 0, 57.03%, 16, 0, 52, 44609.39, 36013916, 913
723, 31, 622, 1075, 0, 0, 57.03%, 16, 0, 52, 42324.10, 36235023, 913
728, 31, 197, 1075, 0, 0, 57.03%, 16, 0, 52, 43185.80, 36451055, 913
734, 32, 242, 1075, 0, 0, 57.03%, 16, 0, 52, 45624.72, 36687066, 913
739, 32, 538, 1075, 0, 0, 57.03%, 16, 0, 52, 45410.78, 36914549, 913
744, 32, 395, 1075, 0, 0, 57.03%, 16, 0, 52, 45511.01, 37147301, 913
749, 32, 813, 1075, 0, 0, 57.03%, 16, 0, 52, 45454.61, 37374707, 913
754, 32, 169, 1075, 0, 0, 57.03%, 16, 0, 52, 44371.17, 37596773, 913
759, 32, 388, 1075, 0, 0, 57.03%, 16, 0, 52, 42899.19, 37816347, 913
764, 33, 989, 1075, 0, 0, 57.03%, 16, 0, 52, 44962.93, 38045238, 913
769, 33, 332, 1075, 0, 0, 57.03%, 16, 0, 52, 45351.69, 38272281, 913
774, 33, 578, 1075, 0, 0, 57.03%, 16, 0, 52, 44506.67, 38499137, 913
779, 33, 385, 1075, 0, 0, 57.03%, 16, 0, 52, 44849.09, 38724686, 913
784, 33, 395, 1075, 0, 0, 57.03%, 16, 0, 52, 45999.40, 38955334, 913
789, 34, 597, 1075, 0, 0, 57.03%, 16, 0, 52, 44686.65, 39183127, 913
794, 34, 215, 1075, 0, 0, 57.03%, 16, 0, 52, 44412.35, 39405214, 913
799, 34, 205, 1075, 0, 0, 57.03%, 16, 0, 52, 44362.94, 39629717, 913
804, 34, 660, 1075, 0, 0, 57.03%, 16, 0, 52, 43691.93, 39849794, 913
810, 34, 351, 1075, 0, 0, 57.03%, 16, 0, 52, 45004.76, 40077863, 913
815, 35, 813, 1075, 0, 0, 57.03%, 16, 0, 52, 45064.91, 40306253, 913
820, 35, 386, 1075, 0, 0, 57.03%, 16, 0, 52, 44168.52, 40531806, 913
825, 35, 806, 1075, 0, 0, 57.03%, 16, 0, 52, 44661.88, 40763724, 913
830, 35, 385, 1075, 0, 0, 57.03%, 16, 0, 52, 43911.89, 40986502, 913
835, 35, 224, 1075, 0, 0, 57.03%, 16, 0, 52, 44525.61, 41216368, 913
840, 36, 785, 1075, 0, 0, 57.03%, 16, 0, 52, 43999.95, 41441477, 913
845, 36, 84, 1075, 0, 0, 57.03%, 16, 0, 52, 43524.73, 41663529, 913
850, 36, 314, 1075, 0, 0, 57.03%, 16, 0, 52, 43158.14, 41878935, 913
855, 36, 588, 1075, 0, 0, 57.03%, 16, 0, 52, 44326.31, 42107884, 913
860, 36, 639, 1075, 0, 0, 57.03%, 16, 0, 52, 45878.95, 42339329, 913
865, 37, 1074, 1075, 0, 0, 57.03%, 16, 0, 52, 43517.01, 42558472, 913
870, 37, 817, 1075, 0, 0, 57.03%, 16, 0, 52, 44991.55, 42787124, 913
875, 37, 950, 1075, 0, 0, 57.03%, 16, 0, 52, 45580.27, 43017057, 913
880, 37, 408, 1075, 0, 0, 57.03%, 16, 0, 52, 44656.30, 43240685, 913
886, 37, 367, 1075, 0, 0, 57.03%, 16, 0, 52, 44554.43, 43468370, 913
891, 38, 89, 1075, 0, 0, 57.03%, 16, 0, 52, 43876.79, 43693082, 913
896, 38, 199, 1075, 0, 0, 57.03%, 16, 0, 52, 42702.97, 43910044, 913
901, 38, 551, 1075, 0, 0, 57.03%, 16, 0, 52, 42420.85, 44124694, 913
906, 38, 131, 1075, 0, 0, 57.03%, 16, 0, 52, 44998.22, 44354015, 913
911, 38, 882, 1075, 0, 0, 57.03%, 16, 0, 52, 45027.80, 44579551, 913
916, 39, 495, 1075, 0, 0, 57.03%, 16, 0, 52, 43235.83, 44800826, 913
921, 39, 456, 1075, 0, 0, 57.03%, 16, 0, 52, 43830.94, 45027816, 913
926, 39, 465, 1075, 0, 0, 57.03%, 16, 0, 52, 44150.94, 45248428, 913
931, 39, 496, 1075, 0, 0, 57.03%, 16, 0, 52, 46540.36, 45484842, 913
936, 39, 408, 1075, 0, 0, 57.03%, 16, 0, 52, 45580.53, 45711174, 913
941, 40, 344, 1075, 0, 0, 57.03%, 16, 0, 52, 45677.14, 45939922, 913
946, 40, 766, 1075, 0, 0, 57.03%, 16, 0, 52, 45570.20, 46170059, 913
951, 40, 916, 1075, 0, 0, 57.03%, 16, 0, 52, 45234.16, 46396867, 913
956, 40, 977, 1075, 0, 0, 57.03%, 16, 0, 52, 45234.43, 46624674, 913
961, 40, 215, 1075, 0, 0, 57.03%, 16, 0, 52, 43402.73, 46842700, 913
966, 41, 395, 1075, 0, 0, 57.03%, 16, 0, 52, 45596.87, 47073283, 913
972, 41, 250, 1075, 0, 0, 57.03%, 16, 0, 52, 44320.66, 47295965, 913
977, 41, 314, 1075, 0, 0, 57.03%, 16, 0, 52, 45316.25, 47525076, 913
982, 41, 1044, 1075, 0, 0, 57.03%, 16, 0, 52, 43689.45, 47749172, 913
987, 42, 709, 1075, 0, 0, 57.03%, 16, 0, 52, 44454.04, 47975930, 913
992, 42, 398, 1075, 0, 0, 57.03%, 16, 0, 52, 45328.52, 48203357, 913
997, 42, 813, 1075, 0, 0, 57.03%, 16, 0, 52, 43868.94, 48427096, 913
1002, 42, 814, 1076, 0, 0, 57.03%, 16, 0, 52, 42270.68, 48639431, 913
1007, 42, 408, 1076, 0, 0, 57.03%, 16, 0, 52, 45992.94, 48874272, 913
1012, 42, 835, 1076, 0, 0, 57.03%, 16, 0, 52, 46179.38, 49107177, 913
1017, 43, 215, 1076, 0, 0, 57.03%, 16, 0, 52, 46271.61, 49337915, 913
1022, 43, 678, 1076, 0, 0, 57.03%, 16, 0, 52, 43704.38, 49555604, 913
1027, 43, 737, 1076, 0, 0, 57.03%, 16, 0, 52, 44845.37, 49788619, 913
1032, 43, 224, 1076, 0, 0, 57.03%, 16, 0, 52, 45376.87, 50017438, 913
1037, 43, 344, 1076, 0, 0, 57.03%, 16, 0, 52, 44035.22, 50238112, 913
1042, 44, 346, 1076, 0, 0, 57.03%, 16, 0, 52, 44020.31, 50458462, 913
1048, 44, 170, 1076, 0, 0, 57.03%, 16, 0, 52, 44498.38, 50684787, 913
1053, 44, 415, 1076, 0, 0, 57.03%, 16, 0, 52, 44175.45, 50908968, 913
1058, 44, 192, 1076, 0, 0, 57.03%, 16, 0, 52, 43752.71, 51130156, 913
1063, 44, 388, 1076, 0, 0, 57.03%, 16, 0, 52, 45080.86, 51357798, 913
1068, 45, 690, 1076, 0, 0, 57.03%, 16, 0, 52, 44903.68, 51586758, 913
1073, 45, 386, 1076, 0, 0, 57.03%, 16, 0, 52, 45906.34, 51819740, 913
1078, 45, 1039, 1076, 0, 0, 57.03%, 16, 0, 52, 46555.26, 52052986, 913
1083, 45, 700, 1076, 0, 0, 57.03%, 16, 0, 52, 44348.97, 52277178, 913
1088, 45, 408, 1076, 0, 0, 57.03%, 16, 0, 52, 45844.92, 52509065, 913
1093, 46, 360, 1076, 0, 0, 57.03%, 16, 0, 52, 44227.24, 52733011, 913
1098, 46, 289, 1076, 0, 0, 57.03%, 16, 0, 52, 43943.71, 52952965, 913
1103, 46, 33, 1076, 0, 0, 57.03%, 16, 0, 52, 43901.62, 53175953, 913
1108, 46, 450, 1076, 0, 0, 57.03%, 16, 0, 52, 46128.01, 53410782, 913
1113, 46, 506, 1076, 0, 0, 57.03%, 16, 0, 52, 45958.06, 53642405, 913
1118, 47, 672, 1076, 0, 0, 57.03%, 16, 0, 52, 45314.35, 53874223, 913
1124, 47, 676, 1076, 0, 0, 57.03%, 16, 0, 52, 44853.96, 54103547, 913
1129, 47, 416, 1076, 0, 0, 57.03%, 16, 0, 52, 44919.16, 54327836, 913
1134, 47, 538, 1076, 0, 0, 57.03%, 16, 0, 52, 44621.46, 54551632, 913
1139, 47, 315, 1076, 0, 0, 57.03%, 16, 0, 52, 43808.70, 54773948, 913
1144, 48, 166, 1076, 0, 0, 57.03%, 16, 0, 52, 45986.96, 55008372, 913
1149, 48, 495, 1076, 0, 0, 57.03%, 16, 0, 52, 46312.35, 55239624, 913
1154, 48, 757, 1076, 0, 0, 57.03%, 16, 0, 52, 43332.84, 55456282, 913
1159, 48, 634, 1076, 0, 0, 57.03%, 16, 0, 52, 44301.81, 55679984, 913
1164, 48, 610, 1077, 1, 0, 57.03%, 16, 0, 52, 44344.35, 55905461, 913
1169, 49, 392, 1077, 0, 0, 57.03%, 16, 0, 52, 43447.57, 56117914, 913
1174, 49, 379, 1077, 0, 0, 57.03%, 16, 0, 52, 43591.56, 56338809, 913
1179, 49, 385, 1077, 0, 0, 57.03%, 16, 0, 52, 45555.64, 56569568, 913
1184, 49, 683, 1077, 0, 0, 57.03%, 17, 0, 52, 46066.26, 56801329, 913
1189, 49, 332, 1077, 0, 0, 57.03%, 17, 0, 52, 44844.19, 57027151, 913
1194, 50, 225, 1077, 0, 0, 57.03%, 17, 0, 52, 44120.93, 57251178, 913
1199, 50, 411, 1077, 0, 0, 57.03%, 17, 0, 52, 45646.80, 57481870, 913
1204, 50, 385, 1077, 0, 0, 57.03%, 17, 0, 52, 44273.18, 57704904, 913
1209, 50, 319, 1077, 0, 0, 57.03%, 17, 0, 52, 44520.36, 57927596, 913
1215, 50, 280, 1077, 0, 0, 57.03%, 17, 0, 52, 45447.67, 58160046, 913
1220, 51, 327, 1077, 0, 0, 57.03%, 17, 0, 52, 44194.57, 58380822, 913
1225, 51, 856, 1077, 0, 0, 57.03%, 17, 0, 52, 45041.56, 58612798, 913
1230, 51, 316, 1077, 0, 0, 57.03%, 17, 0, 52, 43563.10, 58832508, 913
1235, 51, 205, 1077, 0, 0, 57.03%, 17, 0, 52, 45387.02, 59061520, 913
1240, 51, 327, 1077, 0, 0, 57.03%, 17, 0, 52, 45266.96, 59292216, 913
1245, 52, 199, 1077, 0, 0, 57.03%, 17, 0, 52, 45730.25, 59522374, 913
1250, 52, 39, 1077, 0, 0, 57.03%, 17, 0, 52, 46312.75, 59757561, 913
1255, 52, 408, 1077, 0, 0, 57.03%, 17, 0, 52, 43509.82, 59979854, 913
1260, 52, 250, 1077, 0, 0, 57.03%, 17, 0, 52, 44295.61, 60203222, 913
1265, 52, 395, 1077, 0, 0, 57.03%, 17, 0, 52, 44755.61, 60431918, 913
1270, 53, 192, 1077, 0, 0, 57.03%, 17, 0, 52, 45613.44, 60661972, 913
1275, 53, 496, 1077, 0, 0, 57.03%, 17, 0, 52, 45177.41, 60890078, 913
1281, 53, 296, 1077, 0, 0, 57.03%, 17, 0, 52, 45078.20, 61119414, 913
1286, 53, 995, 1077, 0, 0, 57.03%, 17, 0, 52, 43906.45, 61341315, 913
1291, 53, 864, 1077, 0, 0, 57.03%, 17, 0, 52, 44846.01, 61571991, 913
1296, 53, 360, 1077, 0, 0, 57.03%, 17, 0, 52, 45510.17, 61802337, 913
1301, 54, 310, 1077, 0, 0, 57.03%, 17, 0, 52, 44529.00, 62031554, 913
1306, 54, 660, 1077, 0, 0, 57.03%, 17, 0, 52, 43261.93, 62255686, 913
1311, 54, 388, 1077, 0, 0, 57.03%, 17, 0, 52, 43483.95, 62480448, 913
1316, 54, 616, 1077, 0, 0, 57.03%, 17, 0, 52, 45804.37, 62714167, 913
1321, 54, 599, 1077, 0, 0, 57.03%, 17, 0, 52, 45243.24, 62947096, 913
1326, 55, 250, 1077, 0, 0, 57.03%, 17, 0, 52, 45900.57, 63179418, 913
1331, 55, 365, 1077, 0, 0, 57.03%, 17, 0, 52, 44486.27, 63395588, 913
1336, 55, 816, 1077, 0, 0, 57.03%, 17, 0, 52, 44206.44, 63618125, 913
1342, 55, 637, 1077, 0, 0, 57.03%, 17, 0, 52, 42915.47, 63839121, 913
1347, 55, 616, 1077, 0, 0, 57.03%, 18, 0, 52, 43365.31, 64065305, 913
1352, 56, 549, 1077, 0, 0, 57.03%, 18, 0, 52, 42524.18, 64280913, 913
1357, 56, 729, 1077, 0, 0, 57.03%, 18, 0, 52, 44562.55, 64508584, 913
1362, 56, 813, 1077, 0, 0, 57.03%, 18, 0, 52, 44951.44, 64735221, 913
1367, 56, 321, 1077, 0, 0, 57.03%, 18, 0, 52, 45777.86, 64968086, 913
1372, 56, 1075, 1077, 0, 0, 57.03%, 18, 0, 52, 45166.65, 65193815, 913
1377, 57, 509, 1077, 0, 0, 57.03%, 18, 0, 52, 45609.75, 65421926, 913
1382, 57, 846, 1077, 0, 0, 57.03%, 18, 0, 52, 45908.14, 65654567, 913
1387, 57, 395, 1077, 0, 0, 57.03%, 18, 0, 52, 45419.15, 65880449, 913
1392, 57, 304, 1077, 0, 0, 57.03%, 18, 0, 52, 44840.52, 66102774, 913
1397, 57, 344, 1077, 0, 0, 57.03%, 18, 0, 52, 43323.11, 66323688, 913
1402, 58, 399, 1077, 0, 0, 57.03%, 18, 0, 52, 44553.19, 66553774, 913
1407, 58, 405, 1077, 0, 0, 57.03%, 18, 0, 52, 44946.72, 66780888, 913
1412, 58, 490, 1077, 0, 0, 57.03%, 18, 0, 52, 44171.28, 67002150, 913
1417, 58, 872, 1077, 0, 0, 57.03%, 18, 0, 52, 44616.45, 67226509, 913
1422, 58, 348, 1077, 0, 0, 57.03%, 18, 0, 52, 44251.39, 67452838, 913
1428, 59, 415, 1077, 0, 0, 57.03%, 18, 0, 52, 44147.57, 67678189, 913
1433, 59, 370, 1077, 0, 0, 57.03%, 18, 0, 52, 45232.88, 67910388, 913
1438, 59, 224, 1077, 0, 0, 57.03%, 18, 0, 52, 45054.10, 68139330, 913
1443, 59, 694, 1077, 0, 0, 57.03%, 18, 0, 52, 44043.21, 68361614, 913
1448, 59, 332, 1077, 0, 0, 57.03%, 18, 0, 52, 42474.69, 68581043, 913
1453, 60, 767, 1077, 0, 0, 57.03%, 18, 0, 52, 44969.32, 68809567, 913
1458, 60, 814, 1077, 0, 0, 57.03%, 18, 0, 52, 44785.80, 69036801, 913
1463, 60, 234, 1077, 0, 0, 57.03%, 18, 0, 52, 45016.27, 69263544, 913
1468, 60, 749, 1077, 0, 0, 57.03%, 18, 0, 52, 44612.20, 69489078, 913
1473, 60, 133, 1077, 0, 0, 57.03%, 18, 0, 52, 43691.63, 69712250, 913
1478, 60, 714, 1077, 0, 0, 57.03%, 18, 0, 52, 45114.07, 69941856, 913
1483, 61, 388, 1077, 0, 0, 57.03%, 18, 0, 52, 45660.51, 70173843, 913
1488, 61, 315, 1077, 0, 0, 57.03%, 18, 0, 52, 45725.18, 70403277, 913
1493, 61, 705, 1077, 0, 0, 57.03%, 18, 0, 52, 44266.09, 70628218, 913
1498, 61, 713, 1077, 0, 0, 57.03%, 18, 0, 52, 44609.92, 70856088, 913
1504, 61, 545, 1077, 0, 0, 57.03%, 18, 0, 52, 44171.90, 71078793, 913
1509, 62, 103, 1077, 0, 0, 57.03%, 18, 0, 52, 45052.88, 71304188, 913
1514, 62, 1075, 1077, 0, 0, 57.03%, 18, 0, 52, 46085.73, 71537116, 913
1519, 62, 461, 1077, 0, 0, 57.03%, 18, 0, 52, 45188.39, 71763868, 913
1524, 62, 392, 1077, 0, 0, 57.03%, 18, 0, 52, 43761.43, 71984118, 913
1529, 62, 545, 1077, 0, 0, 57.03%, 18, 0, 52, 44267.26, 72208631, 913
1534, 63, 533, 1077, 0, 0, 57.03%, 18, 0, 52, 43594.54, 72427798, 913
1539, 63, 250, 1077, 0, 0, 57.03%, 18, 0, 52, 44813.41, 72652790, 913
1544, 63, 395, 1077, 0, 0, 57.03%, 18, 0, 52, 45916.28, 72884550, 913
1549, 63, 388, 1077, 0, 0, 57.03%, 18, 0, 52, 44623.80, 73108538, 913
1554, 63, 225, 1077, 0, 0, 57.03%, 18, 0, 52, 45108.29, 73335906, 913
1559, 64, 215, 1077, 0, 0, 57.03%, 18, 0, 52, 45050.09, 73559312, 913
1564, 64, 459, 1077, 0, 0, 57.03%, 18, 0, 52, 43737.08, 73784851, 913
1569, 64, 545, 1077, 0, 0, 57.03%, 18, 0, 52, 44155.80, 74011104, 913
1574, 64, 199, 1077, 0, 0, 57.03%, 18, 0, 52, 44531.29, 74235297, 913
1580, 64, 636, 1077, 0, 0, 57.03%, 18, 0, 52, 45652.24, 74466713, 913
1585, 65, 600, 1077, 0, 0, 57.03%, 18, 0, 52, 45725.70, 74701340, 913
1590, 65, 390, 1077, 0, 0, 57.03%, 18, 0, 52, 46423.67, 74936464, 913
1595, 65, 496, 1077, 0, 0, 57.03%, 18, 0, 52, 45452.19, 75169535, 913
1600, 65, 496, 1077, 0, 0, 57.03%, 18, 0, 52, 44577.97, 75396455, 913
1605, 65, 1078, 1081, 1, 0, 57.03%, 18, 0, 52, 4189.80, 75551216, 913
1610, 66, 385, 1081, 0, 0, 57.03%, 18, 0, 52, 45339.35, 75778183, 913
1615, 66, 538, 1081, 0, 0, 57.03%, 18, 0, 52, 44788.68, 76006159, 913
1620, 66, 416, 1081, 0, 0, 57.03%, 18, 0, 52, 44956.72, 76229951, 913
1625, 66, 715, 1081, 0, 0, 57.03%, 18, 0, 52, 44433.96, 76453090, 913
1630, 66, 752, 1081, 0, 0, 57.03%, 18, 0, 52, 45194.31, 76679966, 913
1635, 67, 327, 1081, 0, 0, 57.03%, 18, 0, 52, 45319.40, 76909804, 913
1640, 67, 813, 1081, 0, 0, 57.03%, 18, 0, 52, 44289.25, 77132964, 913
1645, 67, 659, 1081, 0, 0, 57.03%, 18, 0, 52, 44376.87, 77356109, 913
1650, 67, 357, 1081, 0, 0, 57.03%, 18, 0, 52, 43291.13, 77573230, 913
1655, 67, 225, 1081, 0, 0, 57.03%, 18, 0, 52, 44229.90, 77798440, 913
1660, 67, 1034, 1081, 0, 0, 57.03%, 18, 0, 52, 43113.29, 78016660, 913
1666, 68, 954, 1081, 0, 0, 57.03%, 18, 0, 52, 45133.64, 78243739, 913
1671, 68, 183, 1081, 0, 0, 57.03%, 18, 0, 52, 43815.51, 78464447, 913
1676, 68, 876, 1081, 0, 0, 57.03%, 18, 0, 52, 44132.41, 78695392, 913
1681, 68, 346, 1081, 0, 0, 57.03%, 18, 0, 52, 45841.88, 78925244, 913
1686, 68, 140, 1081, 0, 0, 57.03%, 18, 0, 52, 44664.73, 79147500, 913
1691, 69, 1011, 1081, 0, 0, 57.03%, 18, 0, 52, 42946.17, 79358715, 913
1696, 69, 395, 1081, 0, 0, 57.03%, 18, 0, 52, 43029.65, 79576342, 913
1701, 69, 321, 1081, 0, 0, 57.03%, 18, 0, 52, 43197.97, 79794728, 913
1706, 69, 174, 1081, 0, 0, 57.03%, 18, 0, 52, 44521.45, 80019339, 913
1711, 69, 390, 1081, 0, 0, 57.03%, 18, 0, 52, 45058.40, 80253387, 913
1716, 70, 601, 1081, 0, 0, 57.03%, 18, 0, 52, 44048.39, 80473185, 913
1721, 70, 751, 1081, 0, 0, 57.03%, 18, 0, 52, 45254.06, 80702048, 913
1726, 70, 388, 1081, 0, 0, 57.03%, 18, 0, 52, 43610.60, 80924075, 913
1731, 70, 967, 1081, 0, 0, 57.03%, 18, 0, 52, 45375.52, 81153759, 913
1736, 70, 356, 1081, 0, 0, 57.03%, 18, 0, 52, 44430.18, 81377595, 913
1741, 71, 344, 1081, 0, 0, 57.03%, 18, 0, 52, 44760.00, 81604720, 913
1747, 71, 217, 1082, 1, 0, 57.03%, 18, 0, 52, 44781.78, 81832246, 913
1752, 71, 344, 1083, 1, 0, 57.03%, 18, 0, 52, 44337.86, 82054207, 913
1757, 71, 660, 1083, 0, 0, 57.03%, 18, 0, 52, 43250.33, 82269192, 913
1762, 71, 446, 1084, 0, 0, 57.03%, 18, 0, 52, 44903.79, 82493487, 913
1767, 71, 814, 1086, 1, 0, 57.03%, 18, 0, 52, 44371.60, 82713309, 913
1772, 72, 981, 1086, 0, 0, 57.03%, 18, 0, 52, 43644.56, 82929394, 913
1777, 72, 405, 1086, 0, 0, 57.03%, 18, 0, 52, 44813.70, 83154219, 913
1782, 72, 715, 1086, 0, 0, 57.03%, 18, 0, 52, 44321.97, 83376614, 913
1787, 72, 857, 1086, 0, 0, 57.03%, 18, 0, 52, 43980.20, 83597746, 913
1792, 72, 199, 1086, 0, 0, 57.03%, 18, 0, 52, 44507.18, 83823449, 913
1797, 73, 1080, 1086, 0, 0, 57.03%, 18, 0, 52, 44788.13, 84051051, 913
1802, 73, 523, 1086, 0, 0, 57.03%, 18, 0, 52, 43124.47, 84267319, 913
1808, 73, 586, 1086, 0, 0, 57.03%, 18, 0, 52, 42556.22, 84482800, 913
1813, 73, 386, 1086, 0, 0, 57.03%, 18, 0, 52, 43593.23, 84703066, 913
1818, 73, 360, 1086, 0, 0, 57.03%, 18, 0, 52, 44397.42, 84932542, 913
1823, 74, 859, 1086, 0, 0, 57.03%, 18, 0, 52, 44002.60, 85157057, 913
1828, 74, 362, 1086, 0, 0, 57.03%, 18, 0, 52, 43803.23, 85374195, 913
1833, 74, 1038, 1086, 0, 0, 57.03%, 18, 0, 52, 44860.50, 85604018, 913
1838, 74, 985, 1086, 0, 0, 57.03%, 18, 0, 52, 43775.44, 85823940, 913
1843, 74, 863, 1086, 0, 0, 57.03%, 18, 0, 52, 43981.40, 86049381, 913
1848, 74, 930, 1086, 0, 0, 57.03%, 18, 0, 52, 44511.26, 86274994, 913
1853, 75, 296, 1086, 0, 0, 57.03%, 18, 0, 52, 44934.80, 86504600, 913
1858, 75, 416, 1086, 0, 0, 57.03%, 18, 0, 52, 43482.42, 86724693, 913
1863, 75, 455, 1086, 0, 0, 57.03%, 18, 0, 52, 44142.23, 86949016, 913
1868, 75, 975, 1086, 0, 0, 57.03%, 18, 0, 52, 44926.98, 87173493, 913
1873, 75, 1054, 1086, 0, 0, 57.03%, 18, 0, 52, 44141.13, 87396934, 913
1879, 76, 1060, 1086, 0, 0, 57.03%, 18, 0, 52, 43645.92, 87620417, 913
1884, 76, 395, 1086, 0, 0, 57.03%, 18, 0, 52, 44296.38, 87842565, 913
1889, 76, 670, 1086, 0, 0, 57.03%, 18, 0, 52, 44142.06, 88065008, 913
1894, 76, 1043, 1086, 0, 0, 57.03%, 18, 0, 52, 43575.13, 88286512, 913
1899, 76, 495, 1086, 0, 0, 57.03%, 18, 0, 52, 44164.23, 88510938, 913
1904, 77, 332, 1086, 0, 0, 57.03%, 18, 0, 52, 44971.20, 88740700, 913
1909, 77, 465, 1086, 0, 0, 57.03%, 18, 0, 52, 43817.16, 88963804, 913
1914, 77, 395, 1086, 0, 0, 57.03%, 18, 0, 52, 44752.53, 89193265, 913
1919, 77, 488, 1086, 0, 0, 57.03%, 18, 0, 52, 45178.92, 89421783, 913
1924, 77, 714, 1086, 0, 0, 57.03%, 18, 0, 52, 44241.26, 89644685, 913
1929, 77, 416, 1086, 0, 0, 57.03%, 18, 0, 52, 44494.84, 89868899, 913
1934, 78, 923, 1086, 0, 0, 57.03%, 18, 0, 52, 44988.79, 90092754, 913
1939, 78, 362, 1086, 0, 0, 57.03%, 18, 0, 52, 44862.75, 90321493, 913
1944, 78, 496, 1086, 0, 0, 57.03%, 18, 0, 52, 44002.56, 90546751, 913
1949, 78, 359, 1086, 0, 0, 57.03%, 18, 0, 52, 45275.85, 90777011, 913
1955, 78, 697, 1086, 0, 0, 57.03%, 18, 0, 52, 43032.11, 90995995, 913
1960, 79, 545, 1086, 0, 0, 57.03%, 18, 0, 52, 44288.05, 91217618, 913
1965, 79, 388, 1086, 0, 0, 57.03%, 18, 0, 52, 44536.38, 91444177, 913
1970, 79, 891, 1086, 0, 0, 57.03%, 18, 0, 52, 43892.89, 91671248, 913
1975, 79, 950, 1086, 0, 0, 57.03%, 18, 0, 52, 43561.26, 91891618, 913
1980, 79, 398, 1086, 0, 0, 57.03%, 18, 0, 52, 43945.72, 92114555, 913
1985, 80, 920, 1086, 0, 0, 57.03%, 18, 0, 52, 45373.21, 92344721, 913
1990, 80, 801, 1086, 0, 0, 57.03%, 18, 0, 52, 44869.93, 92568438, 913
1995, 80, 950, 1086, 0, 0, 57.03%, 18, 0, 52, 44595.07, 92794845, 913
2000, 80, 98, 1086, 0, 0, 57.03%, 18, 0, 52, 44949.48, 93020697, 913
2005, 80, 814, 1086, 0, 0, 57.03%, 18, 0, 52, 43218.10, 93239962, 913
2010, 80, 1007, 1086, 0, 0, 57.03%, 18, 0, 52, 43042.36, 93460177, 913
2015, 81, 182, 1086, 0, 0, 57.03%, 18, 0, 52, 43659.18, 93687838, 913
2021, 81, 250, 1086, 0, 0, 57.03%, 18, 0, 52, 45357.64, 93920691, 913
2026, 81, 315, 1086, 0, 0, 57.03%, 18, 0, 52, 44131.22, 94143136, 913
2031, 81, 524, 1086, 0, 0, 57.03%, 18, 0, 52, 44964.22, 94368743, 913
2036, 81, 388, 1086, 0, 0, 57.03%, 18, 0, 52, 43740.69, 94588222, 913
2041, 82, 314, 1086, 0, 0, 57.03%, 18, 0, 52, 44113.17, 94813685, 913
2046, 82, 385, 1086, 0, 0, 57.03%, 18, 0, 52, 44642.35, 95038490, 913
2051, 82, 392, 1086, 0, 0, 57.03%, 18, 0, 52, 44600.02, 95266828, 913
2056, 82, 321, 1086, 0, 0, 57.03%, 18, 0, 52, 42739.28, 95482913, 913
2061, 82, 705, 1086, 0, 0, 57.03%, 18, 0, 52, 44781.77, 95708612, 913
2066, 83, 356, 1086, 0, 0, 57.03%, 18, 0, 52, 42733.92, 95920808, 913
2071, 83, 611, 1086, 0, 0, 57.03%, 18, 0, 52, 43327.12, 96138856, 913
2076, 83, 595, 1086, 0, 0, 57.03%, 18, 0, 52, 45548.20, 96370995, 913
2081, 83, 522, 1086, 0, 0, 57.03%, 18, 0, 52, 44449.16, 96595141, 913
2086, 83, 296, 1086, 0, 0, 57.03%, 18, 0, 52, 44051.62, 96820287, 913
2091, 83, 545, 1086, 0, 0, 57.03%, 18, 0, 52, 44314.23, 97046373, 913
2096, 84, 464, 1086, 0, 0, 57.03%, 18, 0, 52, 43540.53, 97265769, 913
2102, 84, 199, 1086, 0, 0, 57.03%, 18, 0, 52, 45252.91, 97494977, 913
2107, 84, 295, 1086, 0, 0, 57.03%, 18, 0, 52, 43671.78, 97716058, 913
2112, 84, 972, 1086, 0, 0, 57.03%, 18, 0, 52, 44552.34, 97943219, 913
2117, 84, 1063, 1086, 0, 0, 57.03%, 18, 0, 52, 44622.29, 98166860, 913
2122, 85, 689, 1086, 0, 0, 57.03%, 18, 0, 52, 44596.98, 98392521, 913
2127, 85, 329, 1086, 0, 0, 57.03%, 18, 0, 52, 45045.38, 98616404, 913
2132, 85, 405, 1086, 0, 0, 57.03%, 18, 0, 52, 44692.40, 98838438, 913
2137, 85, 225, 1086, 0, 0, 57.03%, 18, 0, 52, 43686.02, 99058735, 913
2142, 85, 708, 1086, 0, 0, 57.03%, 18, 0, 52, 44017.84, 99282286, 913
2147, 85, 616, 1086, 0, 0, 57.03%, 18, 0, 52, 44134.81, 99508010, 913
2152, 86, 568, 1086, 0, 0, 57.03%, 18, 0, 52, 44058.02, 99732596, 913
2157, 86, 950, 1086, 0, 0, 57.03%, 18, 0, 52, 43539.21, 99953263, 913
2162, 86, 671, 1086, 0, 0, 57.03%, 18, 0, 52, 45414.61, 100186146, 913
2167, 86, 411, 1086, 0, 0, 57.03%, 18, 0, 52, 43475.41, 100406190, 913
2172, 86, 170, 1086, 0, 0, 57.03%, 18, 0, 52, 44675.85, 100631775, 913
2178, 87, 198, 1086, 0, 0, 57.03%, 18, 0, 52, 43264.72, 100854838, 913
2183, 87, 346, 1086, 0, 0, 57.03%, 18, 0, 52, 43453.76, 101072546, 913
2188, 87, 585, 1086, 0, 0, 57.03%, 18, 0, 52, 44682.57, 101298076, 913
2193, 87, 813, 1086, 0, 0, 57.03%, 18, 0, 52, 42827.64, 101518653, 913
2198, 87, 644, 1086, 0, 0, 57.03%, 19, 0, 52, 44436.15, 101744465, 913
2203, 88, 338, 1086, 0, 0, 57.03%, 19, 0, 52, 44763.09, 101971816, 913
2208, 88, 85, 1086, 0, 0, 57.03%, 19, 0, 52, 43576.47, 102196003, 913
2213, 88, 163, 1086, 0, 0, 57.03%, 19, 0, 52, 42698.36, 102411599, 913
2218, 88, 536, 1086, 0, 0, 57.03%, 19, 0, 52, 43611.58, 102635302, 913
2223, 88, 622, 1086, 0, 0, 57.03%, 19, 0, 52, 44322.45, 102860861, 913
2228, 88, 377, 1086, 0, 0, 57.03%, 19, 0, 52, 44874.55, 103089460, 913
2233, 89, 344, 1086, 0, 0, 57.03%, 19, 0, 52, 43770.68, 103310601, 913
2238, 89, 1045, 1086, 0, 0, 57.03%, 19, 0, 52, 44740.39, 103542803, 913
2244, 89, 790, 1086, 0, 0, 57.03%, 19, 0, 52, 43584.63, 103767410, 913
2249, 89, 205, 1086, 0, 0, 57.03%, 19, 0, 52, 44725.23, 103993649, 913
2254, 89, 1079, 1086, 0, 0, 57.03%, 19, 0, 52, 42537.14, 104210382, 913
2259, 90, 506, 1086, 0, 0, 57.03%, 19, 0, 52, 43825.54, 104437475, 913
2264, 90, 545, 1086, 0, 0, 57.03%, 19, 0, 52, 43754.98, 104659085, 913
2269, 90, 901, 1086, 0, 0, 57.03%, 19, 0, 52, 44486.43, 104883162, 913
2274, 90, 61, 1086, 0, 0, 57.03%, 19, 0, 52, 43911.50, 105107073, 913
2279, 90, 1005, 1086, 0, 0, 57.03%, 19, 0, 52, 43207.92, 105323832, 913
2284, 91, 224, 1086, 0, 0, 57.03%, 19, 0, 52, 44916.33, 105551103, 913
2289, 91, 169, 1086, 0, 0, 57.03%, 19, 0, 52, 44648.19, 105776939, 913
2294, 91, 813, 1086, 0, 0, 57.03%, 19, 0, 52, 42818.41, 105995229, 913
2299, 91, 790, 1086, 0, 0, 57.03%, 19, 0, 52, 44115.52, 106220640, 913
2304, 91, 278, 1086, 0, 0, 57.03%, 19, 0, 52, 44776.26, 106449666, 913
2309, 91, 814, 1086, 0, 0, 57.03%, 19, 0, 52, 44102.46, 106675160, 913
2315, 92, 525, 1086, 0, 0, 57.03%, 19, 0, 52, 43789.79, 106896857, 913
2320, 92, 405, 1086, 0, 0, 57.03%, 19, 0, 52, 44465.77, 107124518, 913
2325, 92, 950, 1086, 0, 0, 57.03%, 19, 0, 52, 43450.88, 107347030, 913
2330, 92, 356, 1086, 0, 0, 57.03%, 19, 0, 52, 44268.15, 107571262, 913
2335, 92, 360, 1086, 0, 0, 57.03%, 19, 0, 52, 43902.02, 107792057, 913
2340, 93, 296, 1086, 0, 0, 57.03%, 19, 0, 52, 44256.22, 108018903, 913
2345, 93, 414, 1086, 0, 0, 57.03%, 19, 0, 52, 45420.75, 108247464, 913
2350, 93, 223, 1086, 0, 0, 57.03%, 19, 0, 52, 45616.70, 108476894, 913
2355, 93, 544, 1086, 0, 0, 57.03%, 19, 0, 52, 43048.53, 108698950, 913
2360, 93, 395, 1086, 0, 0, 57.03%, 19, 0, 52, 42765.08, 108917929, 913
2365, 93, 545, 1086, 0, 0, 57.03%, 19, 0, 52, 44221.66, 109144946, 913
2370, 94, 814, 1086, 0, 0, 57.03%, 19, 0, 52, 44619.24, 109371855, 913
2376, 94, 718, 1086, 0, 0, 57.03%, 19, 0, 52, 44516.22, 109598319, 913
2381, 94, 360, 1086, 0, 0, 57.03%, 19, 0, 52, 44448.46, 109821143, 913
2386, 94, 607, 1086, 0, 0, 57.03%, 19, 0, 52, 43025.00, 110042309, 913
2391, 94, 431, 1086, 0, 0, 57.03%, 19, 0, 52, 42974.78, 110264000, 913
2396, 95, 467, 1086, 0, 0, 57.03%, 19, 0, 52, 44576.35, 110490943, 913
2401, 95, 724, 1086, 0, 0, 57.03%, 19, 0, 52, 45463.57, 110721214, 913
2406, 95, 616, 1086, 0, 0, 57.03%, 19, 0, 52, 45298.24, 110949082, 913
2411, 95, 154, 1086, 0, 0, 57.03%, 19, 0, 52, 42867.76, 111163821, 913
2416, 95, 633, 1086, 0, 0, 57.03%, 19, 0, 52, 43805.82, 111385960, 913
2421, 95, 152, 1086, 0, 0, 57.03%, 19, 0, 52, 43799.69, 111612516, 913
2426, 96, 652, 1086, 0, 0, 57.03%, 19, 0, 52, 44052.31, 111832107, 913
2431, 96, 390, 1086, 0, 0, 57.03%, 19, 0, 52, 43612.20, 112051557, 913
2437, 96, 621, 1086, 0, 0, 57.03%, 19, 0, 52, 43674.76, 112272229, 913
2442, 96, 225, 1086, 0, 0, 57.03%, 19, 0, 52, 45475.20, 112503088, 913
2447, 96, 327, 1086, 0, 0, 57.03%, 19, 0, 52, 43955.69, 112721515, 913
2452, 97, 796, 1086, 0, 0, 57.03%, 19, 0, 52, 44406.91, 112946413, 913
2457, 97, 545, 1086, 0, 0, 57.03%, 19, 0, 52, 43369.90, 113164811, 913
2462, 97, 564, 1086, 0, 0, 57.03%, 19, 0, 52, 43477.77, 113385846, 913
2467, 97, 411, 1086, 0, 0, 57.03%, 19, 0, 52, 42550.27, 113604649, 913
2472, 97, 411, 1086, 0, 0, 57.03%, 19, 0, 52, 44254.12, 113831308, 913
2477, 98, 1083, 1086, 0, 0, 57.03%, 19, 0, 52, 44962.39, 114059003, 913
2482, 98, 296, 1086, 0, 0, 57.03%, 19, 0, 52, 44622.66, 114285712, 913
2487, 98, 338, 1086, 0, 0, 57.03%, 19, 0, 52, 44088.41, 114506985, 913
2492, 98, 545, 1086, 0, 0, 57.03%, 19, 0, 52, 43406.12, 114724397, 913
2497, 98, 170, 1086, 0, 0, 57.03%, 19, 0, 52, 44036.18, 114950135, 913
2503, 98, 607, 1086, 0, 0, 57.03%, 19, 0, 52, 44559.86, 115176640, 913
2508, 99, 589, 1086, 0, 0, 57.03%, 19, 0, 52, 44397.87, 115404603, 913
2513, 99, 558, 1086, 0, 0, 57.03%, 19, 0, 52, 43567.61, 115621894, 913
2518, 99, 225, 1086, 0, 0, 57.03%, 19, 0, 52, 43918.02, 115848091, 913
2523, 99, 314, 1086, 0, 0, 57.03%, 19, 0, 52, 43793.98, 116073655, 913
2528, 99, 1083, 1086, 0, 0, 57.03%, 19, 0, 52, 43004.27, 116294591, 913
2533, 100, 459, 1086, 0, 0, 57.03%, 19, 0, 52, 43715.40, 116519185, 913
2538, 100, 286, 1086, 0, 0, 57.03%, 19, 0, 52, 44313.66, 116741271, 913
2543, 100, 293, 1086, 0, 0, 57.03%, 19, 0, 52, 43971.85, 116965358, 913
2548, 100, 174, 1086, 0, 0, 57.03%, 19, 0, 52, 43663.22, 117187584, 913
2553, 100, 241, 1086, 0, 0, 57.03%, 19, 0, 52, 43554.21, 117407698, 913
2558, 101, 729, 1086, 0, 0, 57.03%, 19, 0, 52, 43316.16, 117632069, 913
2564, 101, 538, 1086, 0, 0, 57.03%, 19, 0, 52, 42794.16, 117851881, 913
2569, 101, 789, 1086, 0, 0, 57.03%, 19, 0, 52, 43264.80, 118068142, 913
2574, 101, 524, 1086, 0, 0, 57.03%, 19, 0, 52, 41764.21, 118278610, 913
2579, 101, 660, 1086, 0, 0, 57.03%, 19, 0, 52, 44598.67, 118504072, 913
2584, 101, 163, 1086, 0, 0, 57.03%, 19, 0, 52, 44466.39, 118731507, 913
2589, 102, 225, 1086, 0, 0, 57.03%, 19, 0, 52, 44521.17, 118952363, 913
2594, 102, 357, 1086, 0, 0, 57.03%, 19, 0, 52, 44367.73, 119175836, 913
2599, 102, 635, 1086, 0, 0, 57.03%, 19, 0, 52, 45319.24, 119403632, 913
2604, 102, 553, 1086, 0, 0, 57.03%, 19, 0, 52, 43013.00, 119620036, 913
2609, 102, 362, 1086, 0, 0, 57.03%, 19, 0, 52, 43642.42, 119837446, 913
2614, 103, 408, 1086, 0, 0, 57.03%, 19, 0, 52, 43691.93, 120062595, 913
2619, 103, 1067, 1086, 0, 0, 57.03%, 19, 0, 52, 42713.72, 120280841, 913
2624, 103, 405, 1086, 0, 0, 57.03%, 19, 0, 52, 44302.00, 120504458, 913
2629, 103, 481, 1086, 0, 0, 57.03%, 19, 0, 52, 44312.69, 120727926, 913
2634, 103, 388, 1086, 0, 0, 57.03%, 19, 0, 52, 44216.29, 120950608, 913
2640, 103, 315, 1086, 0, 0, 57.03%, 19, 0, 52, 44089.53, 121172475, 913
2645, 104, 346, 1086, 0, 0, 57.03%, 19, 0, 52, 44852.05, 121398878, 913
2650, 104, 225, 1086, 0, 0, 57.03%, 19, 0, 52, 42287.43, 121615335, 913
2655, 104, 538, 1086, 0, 0, 57.03%, 19, 0, 52, 44295.10, 121842886, 913
2660, 104, 398, 1086, 0, 0, 57.03%, 19, 0, 52, 46158.41, 122073836, 913
2665, 104, 398, 1086, 0, 0, 57.03%, 19, 0, 52, 44076.01, 122292176, 913
2670, 105, 170, 1086, 0, 0, 57.03%, 19, 0, 52, 44105.98, 122516630, 913
2675, 105, 332, 1086, 0, 0, 57.03%, 19, 0, 52, 45545.88, 122748073, 913
2680, 105, 332, 1086, 0, 0, 57.03%, 19, 0, 52, 45957.71, 122980301, 913
2685, 105, 496, 1086, 0, 0, 57.03%, 19, 0, 52, 44761.43, 123206089, 913
2690, 105, 385, 1086, 0, 0, 57.03%, 19, 0, 52, 44030.57, 123429486, 913
2695, 106, 246, 1086, 0, 0, 57.03%, 19, 0, 52, 44012.33, 123651749, 913
2700, 106, 398, 1086, 0, 0, 57.03%, 19, 0, 52, 45500.03, 123881889, 913
2705, 106, 315, 1086, 0, 0, 57.03%, 19, 0, 52, 45605.08, 124113777, 913
2710, 106, 481, 1086, 0, 0, 57.03%, 19, 0, 52, 45450.37, 124344166, 913
2716, 106, 772, 1086, 0, 0, 57.03%, 19, 0, 52, 43942.24, 124569474, 913
2721, 106, 319, 1086, 0, 0, 57.03%, 19, 0, 52, 43631.23, 124789943, 913
2726, 107, 806, 1086, 0, 0, 57.03%, 19, 0, 52, 43899.55, 125009802, 913
2731, 107, 356, 1086, 0, 0, 57.03%, 19, 0, 52, 45329.92, 125242056, 913
2736, 107, 385, 1086, 0, 0, 57.03%, 19, 0, 52, 42506.90, 125454314, 913
2741, 107, 346, 1086, 0, 0, 57.03%, 19, 0, 52, 44844.43, 125682040, 913
2746, 107, 584, 1086, 0, 0, 57.03%, 19, 0, 52, 40986.92, 125889898, 913
2751, 108, 365, 1086, 0, 0, 57.03%, 19, 0, 52, 44694.98, 126118505, 913
2756, 108, 259, 1086, 0, 0, 57.03%, 19, 0, 52, 44105.42, 126340164, 913
2761, 108, 167, 1086, 0, 0, 57.03%, 19, 0, 52, 43657.34, 126560512, 913
2766, 108, 709, 1086, 0, 0, 57.03%, 19, 0, 52, 42840.95, 126775107, 913
2771, 108, 205, 1086, 0, 0, 57.03%, 19, 0, 52, 41366.55, 126981587, 913
2776, 108, 848, 1086, 0, 0, 57.03%, 19, 0, 52, 39896.85, 127185087, 913
2781, 109, 906, 1086, 0, 0, 57.03%, 19, 0, 52, 40561.22, 127391600, 913
2787, 109, 525, 1086, 0, 0, 57.03%, 19, 0, 52, 41281.12, 127606669, 913
2792, 109, 359, 1086, 0, 0, 57.03%, 19, 0, 52, 40609.74, 127810382, 913
2797, 109, 344, 1086, 0, 0, 57.03%, 19, 0, 52, 40508.10, 128017024, 913
2802, 109, 616, 1086, 0, 0, 57.03%, 19, 0, 52, 40457.09, 128221839, 913
2807, 109, 522, 1086, 0, 0, 57.03%, 19, 0, 52, 41491.83, 128435806, 913
2812, 110, 198, 1086, 0, 0, 57.03%, 19, 0, 52, 40410.37, 128642813, 913
2817, 110, 318, 1086, 0, 0, 57.03%, 19, 0, 52, 41155.42, 128848601, 913
2822, 110, 742, 1086, 0, 0, 57.03%, 19, 0, 52, 40545.81, 129052543, 913
2827, 110, 321, 1086, 0, 0, 57.03%, 19, 0, 52, 40124.67, 129261543, 913
2832, 110, 142, 1086, 0, 0, 57.03%, 19, 0, 52, 39308.31, 129461198, 913
2837, 111, 152, 1086, 0, 0, 57.03%, 19, 0, 52, 39482.50, 129661185, 913
2843, 111, 1079, 1086, 0, 0, 57.03%, 19, 0, 52, 40670.20, 129872704, 913
2848, 111, 751, 1086, 0, 0, 57.03%, 19, 0, 52, 40635.16, 130077539, 913
2853, 111, 1063, 1086, 0, 0, 57.03%, 19, 0, 52, 40885.48, 130285617, 913
2858, 111, 830, 1086, 0, 0, 57.03%, 19, 0, 52, 39918.67, 130485839, 913
2863, 111, 692, 1086, 0, 0, 57.03%, 19, 0, 52, 38811.61, 130684507, 913
2868, 112, 388, 1086, 0, 0, 57.03%, 19, 0, 52, 38955.22, 130885044, 913
2873, 112, 344, 1086, 0, 0, 57.03%, 19, 0, 52, 40475.71, 131089569, 913
2878, 112, 362, 1086, 0, 0, 57.03%, 19, 0, 52, 41650.49, 131305689, 913
2883, 112, 296, 1086, 0, 0, 57.03%, 19, 0, 52, 42424.68, 131517908, 913
2888, 112, 911, 1086, 0, 0, 57.03%, 19, 0, 52, 40859.85, 131723550, 913
2893, 112, 327, 1086, 0, 0, 57.03%, 19, 0, 52, 39741.19, 131926894, 913
2898, 113, 545, 1086, 0, 0, 57.03%, 19, 0, 52, 41132.79, 132134917, 913
2903, 113, 321, 1086, 0, 0, 57.03%, 19, 0, 52, 40684.00, 132336006, 913
2908, 113, 348, 1086, 0, 0, 57.03%, 19, 0, 52, 41680.71, 132545986, 913
2914, 113, 485, 1086, 0, 0, 57.03%, 19, 0, 52, 41210.22, 132753721, 913
2919, 113, 488, 1086, 0, 0, 57.03%, 19, 0, 52, 41038.16, 132961332, 913
2924, 113, 892, 1086, 0, 0, 57.03%, 19, 0, 52, 40314.28, 133169112, 913
2929, 114, 94, 1086, 0, 0, 57.03%, 19, 0, 52, 41489.03, 133380446, 913
2934, 114, 386, 1086, 0, 0, 57.03%, 19, 0, 52, 40434.79, 133584669, 913
2939, 114, 1085, 1086, 0, 0, 57.03%, 19, 0, 52, 40939.57, 133793033, 913
2944, 114, 138, 1086, 0, 0, 57.03%, 19, 0, 52, 41381.81, 134001052, 913
2949, 114, 730, 1086, 0, 0, 57.03%, 19, 0, 52, 41169.65, 134210854, 913
2954, 114, 304, 1086, 0, 0, 57.03%, 19, 0, 52, 40855.78, 134418986, 913
2959, 115, 224, 1086, 0, 0, 57.03%, 19, 0, 52, 40874.36, 134626444, 913
2964, 115, 485, 1086, 0, 0, 57.03%, 19, 0, 52, 39421.06, 134825124, 913
2969, 115, 832, 1086, 0, 0, 57.03%, 19, 0, 52, 39339.72, 135026618, 913
2974, 115, 1078, 1086, 0, 0, 57.03%, 19, 0, 52, 40742.95, 135232075, 913
2979, 115, 475, 1086, 0, 0, 57.03%, 19, 0, 52, 41280.46, 135440837, 913
2985, 115, 724, 1086, 0, 0, 57.03%, 19, 0, 52, 41785.08, 135653341, 913
2990, 116, 154, 1086, 0, 0, 57.03%, 19, 0, 52, 41249.72, 135865564, 913
2995, 116, 579, 1086, 0, 0, 57.03%, 19, 0, 52, 41032.47, 136074260, 913
3000, 116, 238, 1086, 0, 0, 57.03%, 19, 0, 52, 39962.78, 136275617, 913
3005, 116, 745, 1086, 0, 0, 57.03%, 19, 0, 52, 41396.10, 136488234, 913
3010, 116, 304, 1086, 0, 0, 57.03%, 19, 0, 52, 40616.85, 136689165, 913
3015, 117, 1020, 1086, 0, 0, 57.03%, 19, 0, 52, 39201.93, 136891316, 913
3020, 117, 89, 1086, 0, 0, 57.03%, 19, 0, 52, 41044.34, 137102356, 913
3025, 117, 1059, 1086, 0, 0, 57.03%, 19, 0, 52, 40550.82, 137311051, 913
3030, 117, 177, 1086, 0, 0, 57.03%, 19, 0, 52, 39713.52, 137515598, 913
3035, 117, 411, 1086, 0, 0, 57.03%, 19, 0, 52, 40888.65, 137725679, 913
3040, 117, 166, 1086, 0, 0, 57.03%, 19, 0, 52, 40985.11, 137931168, 913
3045, 118, 584, 1086, 0, 0, 57.03%, 19, 0, 52, 40597.09, 138138908, 913
3051, 118, 745, 1086, 0, 0, 57.03%, 19, 0, 52, 41155.26, 138353650, 913
3056, 118, 480, 1086, 0, 0, 57.03%, 19, 0, 52, 41287.60, 138564760, 913
3061, 118, 425, 1086, 0, 0, 57.03%, 19, 0, 52, 41921.66, 138778077, 913
3066, 118, 441, 1086, 0, 0, 57.03%, 19, 0, 52, 39750.69, 138978488, 913
3071, 118, 599, 1086, 0, 0, 57.03%, 19, 0, 52, 40457.95, 139183060, 913
3076, 119, 1070, 1086, 0, 0, 57.03%, 19, 0, 52, 41168.21, 139391391, 913
3081, 119, 386, 1086, 0, 0, 57.03%, 19, 0, 52, 40297.03, 139595187, 913
3086, 119, 392, 1086, 0, 0, 57.03%, 19, 0, 52, 40983.47, 139802843, 913
3091, 119, 905, 1088, 2, 0, 57.03%, 19, 0, 52, 41938.19, 140014356, 913
3096, 119, 814, 1088, 2, 0, 57.03%, 19, 0, 52, 43614.66, 140237429, 913
3101, 119, 925, 1088, 1, 0, 57.03%, 19, 0, 52, 43487.95, 140457425, 913
3106, 120, 453, 1089, 1, 0, 57.03%, 19, 0, 52, 43904.73, 140682181, 913
3111, 120, 332, 1090, 1, 0, 57.03%, 19, 0, 52, 45712.55, 140912357, 913
3117, 120, 205, 1091, 1, 0, 57.03%, 19, 0, 52, 44637.33, 141134863, 913
3122, 120, 813, 1091, 0, 0, 57.03%, 19, 0, 52, 42896.91, 141352459, 913
3127, 120, 496, 1091, 0, 0, 57.03%, 19, 0, 52, 44209.94, 141579266, 913
3132, 121, 416, 1091, 0, 0, 57.03%, 19, 0, 52, 44803.56, 141805913, 913
3137, 121, 814, 1091, 0, 0, 57.03%, 19, 0, 52, 44130.33, 142028010, 913
3142, 121, 360, 1091, 0, 0, 57.03%, 19, 0, 52, 43844.52, 142247354, 913
3147, 121, 700, 1091, 0, 0, 57.03%, 19, 0, 52, 43120.96, 142466481, 913
3152, 121, 445, 1091, 0, 0, 57.03%, 19, 0, 52, 44890.44, 142695995, 913
3157, 121, 395, 1091, 0, 0, 57.03%, 19, 0, 52, 43615.05, 142912872, 913
3162, 122, 545, 1091, 0, 0, 57.03%, 19, 0, 52, 45764.31, 143143453, 913
3167, 122, 346, 1091, 0, 0, 57.03%, 19, 0, 52, 46019.65, 143375253, 913
3172, 122, 395, 1091, 0, 0, 57.03%, 19, 0, 52, 44328.28, 143600155, 913
3177, 122, 326, 1091, 0, 0, 57.03%, 19, 0, 52, 44426.52, 143822200, 913
3182, 122, 395, 1091, 0, 0, 57.03%, 19, 0, 52, 44476.51, 144046538, 913
3188, 123, 416, 1091, 0, 0, 57.03%, 19, 0, 52, 42764.67, 144267206, 913
3193, 123, 626, 1091, 0, 0, 57.03%, 19, 0, 52, 42737.41, 144484337, 913
3198, 123, 314, 1091, 0, 0, 57.03%, 19, 0, 52, 45590.76, 144715847, 913
3203, 123, 707, 1091, 0, 0, 57.03%, 19, 0, 52, 44997.91, 144943441, 913
3208, 123, 1063, 1091, 0, 0, 57.03%, 19, 0, 52, 43848.06, 145167357, 913
3213, 123, 570, 1091, 0, 0, 57.03%, 19, 0, 52, 44736.49, 145398029, 913
3218, 124, 332, 1091, 0, 0, 57.03%, 19, 0, 52, 43892.97, 145620214, 913
3223, 124, 456, 1091, 0, 0, 57.03%, 19, 0, 52, 43647.35, 145843069, 913
3228, 124, 686, 1091, 0, 0, 57.03%, 19, 0, 52, 44921.65, 146068775, 913
3233, 124, 362, 1091, 0, 0, 57.03%, 19, 0, 52, 44077.52, 146291956, 913
3238, 124, 95, 1091, 0, 0, 57.03%, 19, 0, 52, 44659.21, 146519733, 913
3243, 125, 710, 1091, 0, 0, 57.03%, 19, 0, 52, 44206.25, 146746405, 913
3249, 125, 455, 1091, 0, 0, 57.03%, 19, 0, 52, 44582.85, 146972923, 913
3254, 125, 798, 1091, 0, 0, 57.03%, 19, 0, 52, 44006.42, 147195873, 913
3259, 125, 142, 1091, 0, 0, 57.03%, 19, 0, 52, 45444.92, 147425409, 913
3264, 125, 395, 1091, 0, 0, 57.03%, 19, 0, 52, 43401.73, 147642588, 913
3269, 125, 344, 1091, 0, 0, 57.03%, 19, 0, 52, 43315.99, 147863555, 913
3274, 126, 949, 1091, 0, 0, 57.03%, 19, 0, 52, 43784.52, 148085012, 913
3279, 126, 192, 1091, 0, 0, 57.03%, 19, 0, 52, 44909.68, 148309460, 913
3284, 126, 1025, 1091, 0, 0, 57.03%, 19, 0, 52, 42617.96, 148519580, 913
3289, 126, 939, 1091, 0, 0, 57.03%, 19, 0, 52, 43798.32, 148742710, 913
3294, 126, 395, 1091, 0, 0, 57.03%, 19, 0, 52, 44319.96, 148969666, 913
3299, 127, 198, 1091, 0, 0, 57.03%, 19, 0, 52, 43307.00, 149193271, 913
3304, 127, 183, 1091, 0, 0, 57.03%, 19, 0, 52, 44078.85, 149417910, 913
3309, 127, 293, 1091, 0, 0, 57.03%, 19, 0, 52, 45997.80, 149651077, 913
3314, 127, 1022, 1091, 0, 0, 57.03%, 19, 0, 52, 45088.64, 149878287, 913
3319, 127, 793, 1091, 0, 0, 57.03%, 19, 0, 52, 44374.56, 150107701, 913
3324, 127, 813, 1091, 0, 0, 57.03%, 19, 0, 52, 44180.28, 150332275, 913
3330, 128, 138, 1091, 0, 0, 57.03%, 19, 0, 52, 45433.46, 150565689, 913
3335, 128, 1067, 1091, 0, 0, 57.03%, 19, 0, 52, 44068.74, 150786911, 913
3340, 128, 385, 1091, 0, 0, 57.03%, 19, 0, 52, 43257.69, 151007069, 913
3345, 128, 225, 1091, 0, 0, 57.03%, 19, 0, 52, 43526.03, 151228545, 913
3350, 128, 473, 1091, 0, 0, 57.03%, 19, 0, 52, 44067.50, 151454182, 913
3355, 129, 174, 1091, 0, 0, 57.03%, 19, 0, 52, 42068.19, 151667063, 913
3360, 129, 1063, 1091, 0, 0, 57.03%, 19, 0, 52, 44171.41, 151893802, 913
3365, 129, 926, 1091, 0, 0, 57.03%, 19, 0, 52, 44444.55, 152124606, 913
3370, 129, 516, 1091, 0, 0, 57.03%, 19, 0, 52, 43799.17, 152343199, 913
3375, 129, 94, 1091, 0, 0, 57.03%, 19, 0, 52, 44866.67, 152566796, 913
3380, 130, 660, 1091, 0, 0, 57.03%, 19, 0, 52, 43717.94, 152791014, 913
3385, 130, 395, 1091, 0, 0, 57.03%, 19, 0, 52, 44220.12, 153012824, 913
3390, 130, 199, 1091, 0, 0, 57.03%, 19, 0, 52, 44568.14, 153235640, 913
3396, 130, 372, 1091, 0, 0, 57.03%, 19, 0, 52, 44423.63, 153460397, 913
3401, 130, 462, 1091, 0, 0, 57.03%, 19, 0, 52, 44573.62, 153686245, 913
3406, 130, 457, 1091, 0, 0, 57.03%, 19, 0, 52, 43365.22, 153902981, 913
3411, 131, 1091, 1092, 1, 0, 57.03%, 19, 0, 52, 43682.45, 154122692, 913
3416, 131, 327, 1092, 0, 0, 57.03%, 19, 0, 52, 44929.81, 154350908, 913
3421, 131, 614, 1092, 0, 0, 57.03%, 19, 0, 52, 45779.85, 154582896, 913
3426, 131, 715, 1092, 0, 0, 57.03%, 19, 0, 52, 43463.54, 154804902, 913
3431, 131, 227, 1092, 0, 0, 57.03%, 19, 0, 52, 43944.95, 155033859, 913
3436, 132, 197, 1092, 0, 0, 57.03%, 19, 0, 52, 43790.91, 155257155, 913
3441, 132, 545, 1092, 0, 0, 57.03%, 19, 0, 52, 44435.13, 155482434, 913
3446, 132, 669, 1092, 0, 0, 57.03%, 19, 0, 52, 45294.36, 155709847, 913
3451, 132, 408, 1092, 0, 0, 57.03%, 19, 0, 52, 44160.58, 155928947, 913
3456, 132, 386, 1092, 0, 0, 57.03%, 19, 0, 52, 44735.64, 156157736, 913
3462, 132, 496, 1092, 0, 0, 57.03%, 19, 0, 52, 44509.01, 156385376, 913
3467, 133, 1056, 1092, 0, 0, 57.03%, 19, 0, 52, 45333.50, 156615209, 913
3472, 133, 384, 1092, 0, 0, 57.03%, 19, 0, 52, 44506.11, 156835520, 913
3477, 133, 496, 1092, 0, 0, 57.03%, 19, 0, 52, 43743.17, 157054182, 913
3482, 133, 660, 1092, 0, 0, 57.03%, 19, 0, 52, 45080.19, 157284644, 913
3487, 133, 295, 1092, 0, 0, 57.03%, 19, 0, 52, 41950.27, 157502296, 913
3492, 134, 360, 1092, 0, 0, 57.03%, 19, 0, 52, 44741.02, 157731119, 913
3497, 134, 122, 1092, 0, 0, 57.03%, 19, 0, 52, 43628.97, 157950774, 913
3502, 134, 929, 1092, 0, 0, 57.03%, 19, 0, 52, 43534.73, 158176082, 913
3507, 134, 392, 1092, 0, 0, 57.03%, 19, 0, 52, 45010.33, 158408019, 913
3512, 134, 207, 1092, 0, 0, 57.03%, 19, 0, 52, 44116.72, 158631523, 913
3517, 134, 408, 1092, 0, 0, 57.03%, 19, 0, 52, 43705.87, 158855662, 913
3522, 135, 357, 1092, 0, 0, 57.03%, 19, 0, 52, 44845.98, 159079052, 913
3528, 135, 610, 1092, 0, 0, 57.03%, 19, 0, 52, 44257.36, 159302077, 913
3533, 135, 1073, 1092, 0, 0, 57.03%, 19, 0, 52, 43218.81, 159519700, 913
3538, 135, 107, 1092, 0, 0, 57.03%, 19, 0, 52, 43709.64, 159742472, 913
3543, 135, 735, 1092, 0, 0, 57.03%, 19, 0, 52, 44535.87, 159965354, 913
3548, 135, 242, 1092, 0, 0, 57.03%, 19, 0, 52, 43679.02, 160182798, 913
3553, 136, 163, 1092, 0, 0, 57.03%, 19, 0, 52, 43320.25, 160405355, 913
3558, 136, 315, 1092, 0, 0, 57.03%, 19, 0, 52, 44768.20, 160631624, 913
3563, 136, 483, 1092, 0, 0, 57.03%, 19, 0, 52, 44632.58, 160855664, 913
3568, 136, 296, 1092, 0, 0, 57.03%, 19, 0, 52, 43026.98, 161073862, 913
3573, 136, 813, 1092, 0, 0, 57.03%, 19, 0, 52, 44431.67, 161299773, 913
3578, 137, 318, 1092, 0, 0, 57.03%, 19, 0, 52, 42994.11, 161515228, 913
3583, 137, 588, 1092, 0, 0, 57.03%, 19, 0, 52, 43328.11, 161736646, 913
3589, 137, 1088, 1092, 0, 0, 57.03%, 19, 0, 52, 44318.08, 161961367, 913
3594, 137, 344, 1092, 0, 0, 57.03%, 19, 0, 52, 45130.78, 162188868, 913
3599, 137, 954, 1092, 0, 0, 57.03%, 19, 0, 52, 45116.70, 162416075, 913
3604, 137, 584, 1092, 0, 0, 57.03%, 19, 0, 52, 43734.04, 162638781, 913
3609, 138, 84, 1092, 0, 0, 57.03%, 19, 0, 52, 44382.83, 162867221, 913
3614, 138, 814, 1092, 0, 0, 57.03%, 19, 0, 52, 44231.58, 163092081, 913
3619, 138, 708, 1092, 0, 0, 57.03%, 19, 0, 52, 43716.62, 163311238, 913
3624, 138, 333, 1092, 0, 0, 57.03%, 19, 0, 52, 44683.91, 163539006, 913
3629, 138, 660, 1092, 0, 0, 57.03%, 19, 0, 52, 44026.62, 163760863, 913
3634, 139, 714, 1092, 0, 0, 57.03%, 19, 0, 52, 43820.30, 163976964, 913
3634, 139, 889, 1092, 0, 0, 57.03%, 19, 0, 52, 43580.34, 163988216, 913
