# relative_time, cycles_done, cur_item, corpus_count, pending_total, pending_favs, map_size, saved_crashes, saved_hangs, max_depth, execs_per_sec, total_execs, edges_found
61, 1, 386, 1069, 265, 0, 57.03%, 3, 0, 52, 47440.81, 1854328, 913
66, 1, 231, 1069, 201, 0, 57.03%, 4, 0, 52, 33551.60, 2048477, 913
71, 1, 1044, 1069, 119, 0, 57.03%, 4, 0, 52, 51379.15, 2328484, 913
76, 1, 290, 1069, 72, 0, 57.03%, 4, 0, 52, 55660.76, 2613251, 913
81, 2, 358, 1069, 44, 0, 57.03%, 4, 0, 52, 55798.32, 2893641, 913
86, 2, 327, 1069, 30, 0, 57.03%, 5, 0, 52, 55110.29, 3172077, 913
91, 2, 457, 1069, 17, 0, 57.03%, 5, 0, 52, 57114.11, 3465770, 913
96, 3, 654, 1069, 9, 0, 57.03%, 5, 0, 52, 57386.09, 3754317, 913
102, 3, 359, 1069, 7, 0, 57.03%, 5, 0, 52, 57772.34, 4048034, 913
107, 3, 777, 1069, 4, 0, 57.03%, 6, 0, 52, 57824.09, 4339595, 913
112, 3, 502, 1069, 3, 0, 57.03%, 6, 0, 52, 57885.05, 4625792, 913
117, 3, 327, 1069, 3, 0, 57.03%, 6, 0, 52, 56984.19, 4915158, 913
122, 4, 1000, 1069, 2, 0, 57.03%, 6, 0, 52, 55911.69, 5198634, 913
127, 4, 344, 1069, 2, 0, 57.03%, 6, 0, 52, 57232.84, 5488650, 913
132, 4, 315, 1069, 2, 0, 57.03%, 6, 0, 52, 55985.38, 5765891, 913
137, 4, 656, 1069, 2, 0, 57.03%, 6, 0, 52, 55504.91, 6047209, 913
142, 5, 142, 1069, 1, 0, 57.03%, 6, 0, 52, 54426.09, 6323541, 913
147, 5, 359, 1069, 1, 0, 57.03%, 6, 0, 52, 55019.70, 6603978, 913
152, 5, 199, 1069, 1, 0, 57.03%, 7, 0, 52, 57337.32, 6893297, 913
157, 6, 250, 1069, 0, 0, 57.03%, 7, 0, 52, 57968.34, 7180697, 913
162, 6, 990, 1069, 0, 0, 57.03%, 7, 0, 52, 55372.58, 7462730, 913
167, 6, 684, 1069, 0, 0, 57.03%, 7, 0, 52, 55359.23, 7743395, 913
172, 6, 312, 1069, 0, 0, 57.03%, 7, 0, 52, 55685.30, 8024943, 913
177, 7, 675, 1069, 0, 0, 57.03%, 7, 0, 52, 55663.91, 8302953, 913
182, 7, 152, 1069, 0, 0, 57.03%, 7, 0, 52, 55990.62, 8588682, 913
187, 7, 408, 1069, 0, 0, 57.03%, 7, 0, 52, 55547.90, 8866494, 913
192, 7, 380, 1069, 0, 0, 57.03%, 7, 0, 52, 55662.83, 9147118, 913
197, 8, 845, 1069, 0, 0, 57.03%, 7, 0, 52, 54249.21, 9420047, 913
202, 8, 616, 1069, 0, 0, 57.03%, 7, 0, 52, 56279.52, 9706897, 913
207, 8, 205, 1069, 0, 0, 57.03%, 7, 0, 52, 56698.92, 9992383, 913
212, 8, 1046, 1069, 0, 0, 57.03%, 9, 0, 52, 56315.13, 10275034, 913
218, 9, 346, 1069, 0, 0, 57.03%, 9, 0, 52, 56266.44, 10559323, 913
223, 9, 1062, 1069, 0, 0, 57.03%, 9, 0, 52, 54715.19, 10833620, 913
228, 9, 225, 1069, 0, 0, 57.03%, 9, 0, 52, 54527.95, 11107346, 913
233, 9, 496, 1069, 0, 0, 57.03%, 9, 0, 52, 54816.49, 11384912, 913
238, 10, 102, 1069, 0, 0, 57.03%, 9, 0, 52, 56275.03, 11669946, 913
243, 10, 197, 1069, 0, 0, 57.03%, 9, 0, 52, 55892.70, 11953850, 913
248, 10, 495, 1069, 0, 0, 57.03%, 9, 0, 52, 55814.89, 12235752, 913
253, 10, 2, 1069, 0, 0, 57.03%, 9, 0, 52, 56334.17, 12515375, 913
258, 11, 441, 1069, 0, 0, 57.03%, 9, 0, 52, 56032.82, 12800818, 913
263, 11, 640, 1069, 0, 0, 57.03%, 9, 0, 52, 54704.77, 13079727, 913
268, 11, 174, 1069, 0, 0, 57.03%, 9, 0, 52, 55970.58, 13365972, 913
273, 11, 1024, 1069, 0, 0, 57.03%, 9, 0, 52, 57246.65, 13655385, 913
278, 12, 503, 1069, 0, 0, 57.03%, 9, 0, 52, 54881.28, 13932594, 913
283, 12, 619, 1069, 0, 0, 57.03%, 9, 0, 52, 53698.40, 14203588, 913
288, 12, 246, 1069, 0, 0, 57.03%, 9, 0, 52, 55654.96, 14486138, 913
293, 12, 312, 1069, 0, 0, 57.03%, 9, 0, 52, 53767.10, 14756441, 913
298, 13, 996, 1069, 0, 0, 57.03%, 9, 0, 52, 54882.27, 15035756, 913
303, 13, 929, 1069, 0, 0, 57.03%, 9, 0, 52, 56701.45, 15321893, 913
308, 13, 152, 1069, 0, 0, 57.03%, 9, 0, 52, 56166.55, 15607863, 913
313, 13, 168, 1069, 0, 0, 57.03%, 9, 0, 52, 55866.55, 15890414, 913
319, 14, 776, 1069, 0, 0, 57.03%, 9, 0, 52, 57173.65, 16180672, 913
324, 14, 393, 1069, 0, 0, 57.03%, 9, 0, 52, 56214.90, 16464905, 913
329, 14, 878, 1069, 0, 0, 57.03%, 9, 0, 52, 56297.56, 16752038, 913
334, 14, 362, 1069, 0, 0, 57.03%, 9, 0, 52, 56893.79, 17039679, 913
339, 15, 819, 1069, 0, 0, 57.03%, 9, 0, 52, 55662.16, 17321464, 913
344, 15, 576, 1069, 0, 0, 57.03%, 9, 0, 52, 54585.14, 17602841, 913
349, 15, 215, 1069, 0, 0, 57.03%, 9, 0, 52, 56257.16, 17883873, 913
354, 15, 890, 1069, 0, 0, 57.03%, 9, 0, 52, 56120.34, 18161018, 913
359, 16, 710, 1069, 0, 0, 57.03%, 9, 0, 52, 56613.64, 18449330, 913
364, 16, 330, 1069, 0, 0, 57.03%, 9, 0, 52, 56109.17, 18731203, 913
369, 16, 166, 1069, 0, 0, 57.03%, 9, 0, 52, 54785.77, 19006636, 913
374, 16, 463, 1069, 0, 0, 57.03%, 9, 0, 52, 56428.26, 19290462, 913
379, 17, 327, 1069, 0, 0, 57.03%, 9, 0, 52, 56896.33, 19574754, 913
384, 17, 714, 1069, 0, 0, 57.03%, 9, 0, 52, 57955.84, 19865613, 913
389, 17, 684, 1069, 0, 0, 57.03%, 9, 0, 52, 58208.41, 20159751, 913
394, 17, 1044, 1069, 0, 0, 57.03%, 9, 0, 52, 55308.18, 20437442, 913
399, 18, 38, 1069, 0, 0, 57.03%, 9, 0, 52, 55158.57, 20714286, 913
404, 18, 828, 1069, 0, 0, 57.03%, 9, 0, 52, 55620.96, 20998348, 913
409, 18, 843, 1069, 0, 0, 57.03%, 9, 0, 52, 55309.10, 21277183, 913
414, 18, 817, 1069, 0, 0, 57.03%, 9, 0, 52, 56879.40, 21562460, 913
419, 19, 84, 1069, 0, 0, 57.03%, 9, 0, 52, 58169.28, 21855341, 913
424, 19, 596, 1069, 0, 0, 57.03%, 9, 0, 52, 55595.87, 22132364, 913
430, 19, 584, 1069, 0, 0, 57.03%, 9, 0, 52, 56736.43, 22414242, 913
435, 19, 380, 1069, 0, 0, 57.03%, 9, 0, 52, 54713.39, 22684806, 913
440, 20, 701, 1069, 0, 0, 57.03%, 10, 0, 52, 57156.54, 22974705, 913
445, 20, 779, 1069, 0, 0, 57.03%, 10, 0, 52, 56540.66, 23259492, 913
450, 20, 225, 1069, 0, 0, 57.03%, 10, 0, 52, 56411.81, 23545124, 913
455, 20, 735, 1069, 0, 0, 57.03%, 10, 0, 52, 53991.90, 23820413, 913
460, 21, 1055, 1069, 0, 0, 57.03%, 10, 0, 52, 55597.01, 24099738, 913
465, 21, 382, 1069, 0, 0, 57.03%, 10, 0, 52, 55297.11, 24381582, 913
470, 21, 933, 1069, 0, 0, 57.03%, 10, 0, 52, 55042.05, 24659042, 913
475, 21, 698, 1069, 0, 0, 57.03%, 10, 0, 52, 55318.06, 24938921, 913
480, 22, 627, 1069, 0, 0, 57.03%, 10, 0, 52, 56333.47, 25222070, 913
485, 22, 327, 1069, 0, 0, 57.03%, 10, 0, 52, 55996.97, 25502536, 913
490, 22, 132, 1069, 0, 0, 57.03%, 10, 0, 52, 55520.16, 25780209, 913
495, 22, 952, 1069, 0, 0, 57.03%, 10, 0, 52, 54103.65, 26053679, 913
500, 23, 181, 1069, 0, 0, 57.03%, 10, 0, 52, 54458.34, 26329098, 913
505, 23, 554, 1069, 0, 0, 57.03%, 10, 0, 52, 53433.75, 26599374, 913
510, 23, 269, 1069, 0, 0, 57.03%, 10, 0, 52, 55105.20, 26881955, 913
515, 23, 392, 1069, 0, 0, 57.03%, 10, 0, 52, 55388.14, 27161441, 913
520, 24, 1045, 1069, 0, 0, 57.03%, 10, 0, 52, 55737.52, 27443707, 913
525, 24, 382, 1069, 0, 0, 57.03%, 10, 0, 52, 55190.22, 27722073, 913
530, 24, 6, 1069, 0, 0, 57.03%, 11, 0, 52, 53777.97, 27996860, 913
535, 24, 684, 1069, 0, 0, 57.03%, 11, 0, 52, 55359.39, 28273973, 913
541, 25, 832, 1069, 0, 0, 57.03%, 11, 0, 52, 55713.46, 28557056, 913
546, 25, 444, 1069, 0, 0, 57.03%, 11, 0, 52, 56751.75, 28842899, 913
551, 25, 388, 1069, 0, 0, 57.03%, 11, 0, 52, 55234.95, 29121764, 913
556, 25, 632, 1070, 0, 0, 57.03%, 11, 0, 52, 53336.89, 29387062, 913
561, 26, 861, 1070, 0, 0, 57.03%, 11, 0, 52, 55517.65, 29669592, 913
566, 26, 710, 1070, 0, 0, 57.03%, 11, 0, 52, 55303.04, 29951987, 913
571, 26, 405, 1070, 0, 0, 57.03%, 11, 0, 52, 55525.12, 30232202, 913
576, 26, 813, 1070, 0, 0, 57.03%, 11, 0, 52, 56769.52, 30521751, 913
581, 27, 532, 1070, 0, 0, 57.03%, 11, 0, 52, 54745.01, 30798892, 913
586, 27, 411, 1070, 0, 0, 57.03%, 11, 0, 52, 57029.76, 31088346, 913
591, 27, 584, 1070, 0, 0, 57.03%, 11, 0, 52, 56189.90, 31367367, 913
596, 27, 425, 1070, 0, 0, 57.03%, 11, 0, 52, 55994.29, 31650188, 913
601, 28, 793, 1070, 0, 0, 57.03%, 11, 0, 52, 50310.12, 31910383, 913
606, 28, 496, 1072, 1, 0, 57.03%, 11, 0, 52, 44858.53, 32134128, 913
611, 28, 916, 1072, 1, 0, 57.03%, 11, 0, 52, 46009.62, 32370441, 913
616, 28, 660, 1072, 0, 0, 57.03%, 11, 0, 52, 46007.30, 32599486, 913
621, 28, 393, 1072, 0, 0, 57.03%, 11, 0, 52, 45357.85, 32831093, 913
627, 29, 280, 1072, 0, 0, 57.03%, 11, 0, 52, 44665.04, 33054814, 913
632, 29, 388, 1072, 0, 0, 57.03%, 11, 0, 52, 46404.65, 33288123, 913
637, 29, 616, 1072, 0, 0, 57.03%, 11, 0, 52, 45938.47, 33519005, 913
642, 29, 393, 1072, 0, 0, 57.03%, 11, 0, 52, 44213.98, 33744229, 913
647, 30, 698, 1072, 0, 0, 57.03%, 11, 0, 52, 44978.11, 33970326, 913
652, 30, 669, 1072, 0, 0, 57.03%, 11, 0, 52, 45208.90, 34202661, 913
657, 30, 861, 1072, 0, 0, 57.03%, 11, 0, 52, 46497.09, 34442305, 913
662, 30, 503, 1072, 0, 0, 57.03%, 11, 0, 52, 44114.82, 34663853, 913
667, 30, 638, 1072, 0, 0, 57.03%, 11, 0, 52, 45111.17, 34894296, 913
672, 31, 405, 1072, 0, 0, 57.03%, 11, 0, 52, 45449.68, 35125903, 913
677, 31, 1012, 1072, 0, 0, 57.03%, 11, 0, 52, 44896.89, 35356332, 913
682, 31, 197, 1072, 0, 0, 57.03%, 11, 0, 52, 46956.74, 35592863, 913
687, 31, 787, 1072, 0, 0, 57.03%, 11, 0, 52, 45982.92, 35822707, 913
692, 31, 661, 1072, 0, 0, 57.03%, 11, 0, 52, 44214.70, 36045108, 913
697, 32, 344, 1072, 0, 0, 57.03%, 11, 0, 52, 44658.57, 36273688, 913
702, 32, 585, 1072, 0, 0, 57.03%, 11, 0, 52, 45660.68, 36503673, 913
708, 32, 634, 1072, 0, 0, 57.03%, 11, 0, 52, 45166.15, 36737035, 913
713, 32, 957, 1072, 0, 0, 57.03%, 11, 0, 52, 45641.55, 36964958, 913
718, 32, 970, 1072, 0, 0, 57.03%, 11, 0, 52, 44552.81, 37194433, 913
723, 33, 697, 1072, 0, 0, 57.03%, 11, 0, 52, 45502.61, 37426297, 913
728, 33, 171, 1072, 0, 0, 57.03%, 11, 0, 52, 45796.59, 37653914, 913
733, 33, 205, 1072, 0, 0, 57.03%, 11, 0, 52, 43824.93, 37875267, 913
738, 33, 1022, 1072, 0, 0, 57.03%, 11, 0, 52, 45721.22, 38111202, 913
743, 33, 94, 1072, 0, 0, 57.03%, 11, 0, 52, 46410.77, 38346753, 913
748, 34, 360, 1072, 0, 0, 57.03%, 11, 0, 52, 45540.59, 38574741, 913
753, 34, 749, 1072, 0, 0, 57.03%, 11, 0, 52, 45327.48, 38802765, 913
758, 34, 346, 1072, 0, 0, 57.03%, 11, 0, 52, 46055.45, 39038984, 913
763, 34, 627, 1072, 0, 0, 57.03%, 11, 0, 52, 44631.90, 39263888, 913
768, 34, 710, 1072, 0, 0, 57.03%, 11, 0, 52, 45008.03, 39491603, 913
773, 35, 814, 1072, 0, 0, 57.03%, 11, 0, 52, 45277.08, 39720622, 913
778, 35, 560, 1072, 0, 0, 57.03%, 11, 0, 52, 44756.11, 39943810, 913
784, 35, 375, 1072, 0, 0, 57.03%, 11, 0, 52, 45099.49, 40172101, 913
789, 35, 707, 1072, 0, 0, 57.03%, 11, 0, 52, 45296.22, 40400691, 913
794, 35, 597, 1072, 0, 0, 57.03%, 11, 0, 52, 47002.08, 40638791, 913
799, 36, 545, 1072, 0, 0, 57.03%, 11, 0, 52, 45608.87, 40868684, 913
804, 36, 1053, 1072, 0, 0, 57.03%, 11, 0, 52, 45791.38, 41098696, 913
809, 36, 817, 1072, 0, 0, 57.03%, 11, 0, 52, 47993.34, 41342907, 913
814, 36, 831, 1072, 0, 0, 57.03%, 11, 0, 52, 47471.08, 41580452, 913
819, 36, 134, 1072, 0, 0, 57.03%, 11, 0, 52, 46365.50, 41815274, 913
824, 37, 153, 1072, 0, 0, 57.03%, 11, 0, 52, 46999.43, 42050733, 913
829, 37, 310, 1072, 0, 0, 57.03%, 11, 0, 52, 46312.81, 42282832, 913
834, 37, 834, 1072, 0, 0, 57.03%, 11, 0, 52, 46734.47, 42516589, 913
839, 37, 95, 1072, 0, 0, 57.03%, 11, 0, 52, 45390.02, 42748752, 913
844, 37, 630, 1072, 0, 0, 57.03%, 11, 0, 52, 45533.96, 42977920, 913
849, 38, 571, 1072, 0, 0, 57.03%, 11, 0, 52, 45185.93, 43205453, 913
854, 38, 660, 1072, 0, 0, 57.03%, 11, 0, 52, 45657.01, 43435358, 913
859, 38, 616, 1072, 0, 0, 57.03%, 11, 0, 52, 44561.63, 43662334, 913
865, 38, 169, 1072, 0, 0, 57.03%, 11, 0, 52, 45308.27, 43890516, 913
870, 38, 296, 1072, 0, 0, 57.03%, 11, 0, 52, 46050.87, 44129987, 913
875, 39, 496, 1072, 0, 0, 57.03%, 11, 0, 52, 45912.39, 44365616, 913
880, 39, 348, 1072, 0, 0, 57.03%, 11, 0, 52, 45492.73, 44597306, 913
885, 39, 346, 1072, 0, 0, 57.03%, 11, 0, 52, 45466.94, 44825310, 913
890, 39, 415, 1072, 0, 0, 57.03%, 11, 0, 52, 44354.90, 45050630, 913
895, 40, 61, 1072, 0, 0, 57.03%, 11, 0, 52, 44769.45, 45277191, 913
900, 40, 995, 1072, 0, 0, 57.03%, 11, 0, 52, 46006.60, 45510283, 913
905, 40, 225, 1072, 0, 0, 57.03%, 11, 0, 52, 45832.43, 45745684, 913
910, 40, 171, 1072, 0, 0, 57.03%, 11, 0, 52, 44406.80, 45966316, 913
915, 40, 851, 1072, 0, 0, 57.03%, 11, 0, 52, 43977.83, 46189188, 913
920, 41, 495, 1072, 0, 0, 57.03%, 11, 0, 52, 47114.14, 46429866, 913
925, 41, 816, 1072, 0, 0, 57.03%, 11, 0, 52, 45977.07, 46659950, 913
930, 41, 517, 1072, 0, 0, 57.03%, 11, 0, 52, 46387.62, 46894943, 913
936, 41, 750, 1072, 0, 0, 57.03%, 11, 0, 52, 45462.92, 47126979, 913
941, 41, 1003, 1072, 0, 0, 57.03%, 11, 0, 52, 45980.20, 47358317, 913
946, 42, 168, 1072, 0, 0, 57.03%, 11, 0, 52, 45928.13, 47589019, 913
951, 42, 199, 1072, 0, 0, 57.03%, 11, 0, 52, 45663.55, 47818757, 913
956, 42, 286, 1072, 0, 0, 57.03%, 11, 0, 52, 44718.66, 48045393, 913
961, 42, 278, 1072, 0, 0, 57.03%, 11, 0, 52, 44897.71, 48274525, 913
966, 42, 343, 1072, 0, 0, 57.03%, 11, 0, 52, 45999.75, 48506995, 913
971, 43, 866, 1072, 0, 0, 57.03%, 11, 0, 52, 46017.93, 48740818, 913
976, 43, 780, 1072, 0, 0, 57.03%, 11, 0, 52, 46859.65, 48973689, 913
981, 43, 791, 1072, 0, 0, 57.03%, 11, 0, 52, 44573.36, 49198817, 913
986, 43, 770, 1072, 0, 0, 57.03%, 11, 0, 52, 47136.72, 49436978, 913
991, 43, 403, 1072, 0, 0, 57.03%, 11, 0, 52, 44936.47, 49660374, 913
996, 44, 920, 1072, 0, 0, 57.03%, 11, 0, 52, 44829.03, 49884659, 913
1001, 44, 709, 1072, 0, 0, 57.03%, 11, 0, 52, 44760.88, 50112179, 913
1006, 44, 681, 1072, 0, 0, 57.03%, 11, 0, 52, 45456.98, 50344631, 913
1011, 44, 362, 1072, 0, 0, 57.03%, 11, 0, 52, 45434.98, 50573026, 913
1016, 44, 977, 1072, 0, 0, 57.03%, 11, 0, 52, 45577.45, 50802633, 913
1022, 45, 495, 1072, 0, 0, 57.03%, 11, 0, 52, 46473.96, 51036136, 913
1027, 45, 660, 1072, 0, 0, 57.03%, 11, 0, 52, 43553.60, 51254190, 913
1032, 45, 981, 1072, 0, 0, 57.03%, 11, 0, 52, 44725.80, 51484299, 913
1037, 45, 197, 1072, 0, 0, 57.03%, 11, 0, 52, 47111.00, 51719580, 913
1042, 45, 192, 1072, 0, 0, 57.03%, 11, 0, 52, 46277.82, 51949789, 913
1047, 46, 634, 1072, 0, 0, 57.03%, 11, 0, 52, 47004.09, 52188488, 913
1052, 46, 2, 1072, 0, 0, 57.03%, 11, 0, 52, 44530.16, 52409217, 913
1057, 46, 814, 1072, 0, 0, 57.03%, 11, 0, 52, 44496.80, 52638627, 913
1062, 46, 359, 1072, 0, 0, 57.03%, 11, 0, 52, 45432.99, 52870575, 913
1067, 46, 338, 1072, 0, 0, 57.03%, 11, 0, 52, 45853.03, 53101583, 913
1072, 47, 197, 1072, 0, 0, 57.03%, 11, 0, 52, 45196.81, 53329889, 913
1077, 47, 715, 1072, 0, 0, 57.03%, 11, 0, 52, 45841.24, 53563918, 913
1082, 47, 339, 1072, 0, 0, 57.03%, 11, 0, 52, 45345.81, 53791105, 913
1087, 47, 350, 1072, 0, 0, 57.03%, 11, 0, 52, 46893.37, 54030387, 913
1092, 48, 753, 1072, 0, 0, 57.03%, 11, 0, 52, 47421.22, 54268020, 913
1097, 48, 171, 1072, 0, 0, 57.03%, 11, 0, 52, 46841.25, 54503038, 913
1102, 48, 393, 1072, 0, 0, 57.03%, 11, 0, 52, 44823.80, 54726410, 913
1107, 48, 571, 1073, 1, 0, 57.03%, 11, 0, 52, 45257.57, 54954637, 913
1112, 48, 691, 1073, 0, 0, 57.03%, 11, 0, 52, 45316.22, 55184940, 913
1117, 49, 225, 1073, 0, 0, 57.03%, 11, 0, 52, 44814.92, 55410162, 913
1123, 49, 814, 1073, 0, 0, 57.03%, 11, 0, 52, 46045.11, 55639695, 913
1128, 49, 171, 1073, 0, 0, 57.03%, 11, 0, 52, 46324.50, 55872568, 913
1133, 49, 885, 1073, 0, 0, 57.03%, 11, 0, 52, 47288.17, 56112085, 913
1138, 49, 919, 1073, 0, 0, 57.03%, 11, 0, 52, 44050.98, 56333736, 913
1143, 50, 704, 1073, 0, 0, 57.03%, 11, 0, 52, 45524.01, 56565692, 913
1148, 50, 459, 1073, 0, 0, 57.03%, 11, 0, 52, 45227.39, 56793200, 913
1153, 50, 1036, 1073, 0, 0, 57.03%, 11, 0, 52, 44634.52, 57018892, 913
1158, 50, 714, 1073, 0, 0, 57.03%, 11, 0, 52, 44810.03, 57243121, 913
1163, 50, 630, 1073, 0, 0, 57.03%, 11, 0, 52, 47073.32, 57479202, 913
1168, 51, 205, 1073, 0, 0, 57.03%, 11, 0, 52, 46353.41, 57712726, 913
1173, 51, 527, 1073, 0, 0, 57.03%, 11, 0, 52, 45249.70, 57941888, 913
1178, 51, 416, 1073, 0, 0, 57.03%, 11, 0, 52, 44046.27, 58166107, 913
1183, 51, 709, 1073, 0, 0, 57.03%, 11, 0, 52, 44336.70, 58396057, 913
1188, 51, 900, 1073, 0, 0, 57.03%, 11, 0, 52, 43911.43, 58615118, 913
1193, 52, 171, 1073, 0, 0, 57.03%, 11, 0, 52, 45032.71, 58847227, 913
1198, 52, 131, 1073, 0, 0, 57.03%, 11, 0, 52, 46263.25, 59081216, 913
1203, 52, 599, 1073, 0, 0, 57.03%, 11, 0, 52, 45050.31, 59308898, 913
1208, 52, 344, 1073, 0, 0, 57.03%, 11, 0, 52, 44878.32, 59535554, 913
1214, 52, 616, 1074, 1, 0, 57.03%, 11, 0, 52, 46770.11, 59774605, 913
1219, 53, 97, 1074, 1, 0, 57.03%, 11, 0, 52, 45699.42, 60007835, 913
1224, 53, 107, 1074, 1, 0, 57.03%, 11, 0, 52, 45811.78, 60238741, 913
1229, 53, 344, 1075, 2, 0, 57.03%, 11, 0, 52, 44848.69, 60463057, 913
1234, 53, 385, 1075, 2, 0, 57.03%, 11, 0, 52, 45742.04, 60695153, 913
1239, 53, 392, 1075, 1, 0, 57.03%, 11, 0, 52, 45476.08, 60925664, 913
1244, 54, 133, 1075, 1, 0, 57.03%, 11, 0, 52, 46667.30, 61160921, 913
1249, 54, 398, 1076, 0, 0, 57.03%, 11, 0, 52, 44567.51, 61391327, 913
1254, 54, 360, 1076, 0, 0, 57.03%, 11, 0, 52, 44374.26, 61617593, 913
1259, 54, 382, 1076, 0, 0, 57.03%, 11, 0, 52, 45208.92, 61847586, 913
1264, 54, 770, 1076, 0, 0, 57.03%, 11, 0, 52, 45173.53, 62079454, 913
1269, 55, 203, 1076, 0, 0, 57.03%, 11, 0, 52, 45421.42, 62309254, 913
1274, 55, 709, 1076, 0, 0, 57.03%, 11, 0, 52, 45073.80, 62539816, 913
1279, 55, 392, 1076, 0, 0, 57.03%, 11, 0, 52, 46225.16, 62771588, 913
1284, 55, 305, 1076, 0, 0, 57.03%, 11, 0, 52, 44233.22, 62991963, 913
1290, 55, 449, 1076, 0, 0, 57.03%, 11, 0, 52, 45595.45, 63226540, 913
1295, 56, 226, 1076, 0, 0, 57.03%, 11, 0, 52, 45649.85, 63457865, 913
1300, 56, 211, 1076, 0, 0, 57.03%, 11, 0, 52, 45062.97, 63684115, 913
1305, 56, 398, 1076, 0, 0, 57.03%, 11, 0, 52, 45657.87, 63913704, 913
1310, 56, 610, 1076, 0, 0, 57.03%, 11, 0, 52, 44386.93, 64140501, 913
1315, 56, 532, 1076, 0, 0, 57.03%, 11, 0, 52, 44946.16, 64367704, 913
1320, 57, 764, 1076, 0, 0, 57.03%, 11, 0, 52, 46048.83, 64601556, 913
1325, 57, 1075, 1076, 0, 0, 57.03%, 11, 0, 52, 43218.16, 64820966, 913
1330, 57, 686, 1076, 0, 0, 57.03%, 11, 0, 52, 44792.39, 65053091, 913
1335, 57, 770, 1076, 0, 0, 57.03%, 11, 0, 52, 45293.23, 65283881, 913
1340, 57, 616, 1076, 0, 0, 57.03%, 11, 0, 52, 46266.33, 65520733, 913
1345, 58, 503, 1076, 0, 0, 57.03%, 11, 0, 52, 44786.55, 65743065, 913
1350, 58, 658, 1076, 0, 0, 57.03%, 11, 0, 52, 44723.37, 65971779, 913
1356, 58, 523, 1076, 0, 0, 57.03%, 11, 0, 52, 44402.33, 66199121, 913
1361, 58, 296, 1076, 0, 0, 57.03%, 11, 0, 52, 44358.63, 66426261, 913
1366, 58, 660, 1076, 0, 0, 57.03%, 11, 0, 52, 44763.22, 66654819, 913
1371, 59, 617, 1076, 0, 0, 57.03%, 11, 0, 52, 45180.28, 66885240, 913
1376, 59, 545, 1076, 0, 0, 57.03%, 11, 0, 52, 46448.96, 67119983, 913
1381, 59, 408, 1076, 0, 0, 57.03%, 11, 0, 52, 46101.68, 67353181, 913
1386, 59, 346, 1076, 0, 0, 57.03%, 11, 0, 52, 46111.81, 67584373, 913
1391, 59, 660, 1077, 0, 0, 57.03%, 11, 0, 52, 42739.34, 67804763, 913
1396, 60, 539, 1077, 0, 0, 57.03%, 11, 0, 52, 44363.71, 68031914, 913
1401, 60, 407, 1077, 0, 0, 57.03%, 11, 0, 52, 44720.64, 68255852, 913
1406, 60, 707, 1077, 0, 0, 57.03%, 11, 0, 52, 45413.82, 68484437, 913
1411, 60, 385, 1077, 0, 0, 57.03%, 11, 0, 52, 45190.33, 68716000, 913
1416, 60, 405, 1077, 0, 0, 57.03%, 12, 0, 52, 46679.45, 68953287, 913
1421, 61, 405, 1077, 0, 0, 57.03%, 12, 0, 52, 45477.74, 69179695, 913
1426, 61, 327, 1077, 0, 0, 57.03%, 12, 0, 52, 44503.50, 69405508, 913
1432, 61, 346, 1077, 0, 0, 57.03%, 12, 0, 52, 45325.99, 69637072, 913
1437, 61, 616, 1077, 0, 0, 57.03%, 12, 0, 52, 45261.56, 69868786, 913
1442, 61, 327, 1077, 0, 0, 57.03%, 12, 0, 52, 46616.33, 70105246, 913
1447, 62, 753, 1077, 0, 0, 57.03%, 12, 0, 52, 45908.79, 70331825, 913
1452, 62, 495, 1078, 1, 0, 57.03%, 12, 0, 52, 45299.49, 70559380, 913
1457, 62, 357, 1078, 0, 0, 57.03%, 12, 0, 52, 45609.02, 70785448, 913
1462, 62, 390, 1078, 0, 0, 57.03%, 12, 0, 52, 44697.57, 71009448, 913
1467, 62, 660, 1078, 0, 0, 57.03%, 12, 0, 52, 44085.99, 71234068, 913
1472, 63, 327, 1078, 0, 0, 57.03%, 12, 0, 52, 44671.77, 71460577, 913
1477, 63, 1076, 1078, 0, 0, 57.03%, 12, 0, 52, 44881.85, 71691731, 913
1482, 63, 373, 1078, 0, 0, 57.03%, 12, 0, 52, 45328.23, 71919595, 913
1487, 63, 757, 1078, 0, 0, 57.03%, 12, 0, 52, 44375.86, 72143453, 913
1493, 63, 709, 1082, 1, 0, 57.03%, 12, 0, 52, 43441.92, 72359336, 913
1498, 64, 375, 1082, 0, 0, 57.03%, 12, 0, 52, 44717.59, 72586084, 913
1503, 64, 578, 1082, 0, 0, 57.03%, 12, 0, 52, 47600.27, 72830485, 913
1508, 64, 296, 1082, 0, 0, 57.03%, 12, 0, 52, 45496.57, 73059132, 913
1513, 64, 968, 1082, 0, 0, 57.03%, 12, 0, 52, 44947.96, 73287426, 913
1518, 64, 142, 1082, 0, 0, 57.03%, 12, 0, 52, 44557.84, 73512513, 913
1523, 65, 295, 1082, 0, 0, 57.03%, 12, 0, 52, 44022.12, 73734588, 913
1528, 65, 225, 1082, 0, 0, 57.03%, 12, 0, 52, 44613.26, 73961868, 913
1533, 65, 408, 1082, 0, 0, 57.03%, 12, 0, 52, 45145.98, 74191757, 913
1538, 65, 174, 1082, 0, 0, 57.03%, 12, 0, 52, 43082.63, 74414565, 913
1543, 65, 271, 1082, 0, 0, 57.03%, 12, 0, 52, 44406.21, 74645940, 913
1548, 65, 601, 1082, 0, 0, 57.03%, 12, 0, 52, 44701.56, 74868237, 913
1554, 66, 254, 1082, 0, 0, 57.03%, 12, 0, 52, 43776.89, 75092124, 913
1559, 66, 228, 1082, 0, 0, 57.03%, 12, 0, 52, 45631.56, 75326897, 913
1564, 66, 709, 1082, 0, 0, 57.03%, 12, 0, 52, 43995.08, 75551854, 913
1569, 66, 865, 1082, 0, 0, 57.03%, 12, 0, 52, 45545.47, 75780019, 913
1574, 67, 362, 1082, 0, 0, 57.03%, 12, 0, 52, 43826.89, 76001777, 913
1579, 67, 506, 1082, 0, 0, 57.03%, 12, 0, 52, 43895.55, 76224728, 913
1584, 67, 296, 1082, 0, 0, 57.03%, 12, 0, 52, 45310.08, 76452038, 913
1589, 67, 372, 1082, 0, 0, 57.03%, 12, 0, 52, 44749.11, 76677097, 913
1594, 67, 564, 1082, 0, 0, 57.03%, 13, 0, 52, 46068.02, 76909850, 913
1599, 67, 652, 1082, 0, 0, 57.03%, 13, 0, 52, 44363.13, 77133581, 913
1604, 68, 734, 1082, 0, 0, 57.03%, 13, 0, 52, 44153.42, 77354865, 913
1609, 68, 584, 1082, 0, 0, 57.03%, 13, 0, 52, 44559.54, 77579457, 913
1614, 68, 280, 1082, 0, 0, 57.03%, 13, 0, 52, 45448.21, 77814265, 913
1619, 68, 359, 1082, 0, 0, 57.03%, 13, 0, 52, 46519.62, 78046698, 913
1624, 68, 280, 1082, 0, 0, 57.03%, 13, 0, 52, 45051.35, 78273860, 913
1629, 69, 452, 1082, 0, 0, 57.03%, 13, 0, 52, 45078.63, 78503351, 913
1635, 69, 975, 1082, 0, 0, 57.03%, 13, 0, 52, 44344.03, 78721947, 913
1640, 69, 599, 1082, 0, 0, 57.03%, 13, 0, 52, 42940.43, 78939525, 913
1645, 69, 272, 1082, 0, 0, 57.03%, 13, 0, 52, 42568.86, 79160471, 913
1650, 69, 802, 1082, 0, 0, 57.03%, 13, 0, 52, 43844.36, 79383735, 913
1655, 70, 1044, 1082, 0, 0, 57.03%, 13, 0, 52, 42427.42, 79598933, 913
1660, 70, 133, 1082, 0, 0, 57.03%, 13, 0, 52, 43814.23, 79826172, 913
1665, 70, 339, 1082, 0, 0, 57.03%, 13, 0, 52, 44957.00, 80053556, 913
1670, 70, 660, 1082, 0, 0, 57.03%, 13, 0, 52, 45017.31, 80281645, 913
1675, 70, 280, 1082, 0, 0, 57.03%, 13, 0, 52, 46084.14, 80515785, 913
1680, 71, 84, 1082, 0, 0, 57.03%, 13, 0, 52, 45357.60, 80743144, 913
1685, 71, 773, 1082, 0, 0, 57.03%, 13, 0, 52, 45514.89, 80973887, 913
1690, 71, 171, 1082, 0, 0, 57.03%, 13, 0, 52, 45658.83, 81203997, 913
1695, 71, 610, 1082, 0, 0, 57.03%, 13, 0, 52, 45843.98, 81436457, 913
1700, 71, 315, 1082, 0, 0, 57.03%, 13, 0, 52, 44738.51, 81660272, 913
1705, 72, 813, 1082, 0, 0, 57.03%, 13, 0, 52, 46379.41, 81897138, 913
1711, 72, 708, 1082, 0, 0, 57.03%, 13, 0, 52, 45856.05, 82127603, 913
1716, 72, 171, 1082, 0, 0, 57.03%, 13, 0, 52, 45528.12, 82358265, 913
1721, 72, 314, 1082, 0, 0, 57.03%, 13, 0, 52, 45000.20, 82587882, 913
1726, 72, 95, 1082, 0, 0, 57.03%, 13, 0, 52, 44719.09, 82816122, 913
1731, 72, 1022, 1082, 0, 0, 57.03%, 13, 0, 52, 45940.97, 83047203, 913
1736, 73, 405, 1082, 0, 0, 57.03%, 13, 0, 52, 44383.39, 83270742, 913
1741, 73, 584, 1082, 0, 0, 57.03%, 13, 0, 52, 43730.62, 83493705, 913
1746, 73, 925, 1082, 0, 0, 57.03%, 13, 0, 52, 45592.14, 83727318, 913
1751, 73, 360, 1082, 0, 0, 57.03%, 13, 0, 52, 44974.70, 83950291, 913
1756, 73, 362, 1082, 0, 0, 57.03%, 13, 0, 52, 45981.02, 84181480, 913
1761, 74, 722, 1082, 0, 0, 57.03%, 13, 0, 52, 44648.75, 84407510, 913
1766, 74, 390, 1082, 0, 0, 57.03%, 13, 0, 52, 45899.80, 84642511, 913
1771, 74, 950, 1082, 0, 0, 57.03%, 13, 0, 52, 43601.93, 84867228, 913
1776, 74, 392, 1082, 0, 0, 57.03%, 13, 0, 52, 44259.97, 85091252, 913
1782, 74, 415, 1082, 0, 0, 57.03%, 13, 0, 52, 44141.13, 85314242, 913
1787, 75, 425, 1082, 0, 0, 57.03%, 13, 0, 52, 43385.14, 85528569, 913
1792, 75, 446, 1082, 0, 0, 57.03%, 13, 0, 52, 42964.06, 85745474, 913
1797, 75, 174, 1082, 0, 0, 57.03%, 13, 0, 52, 44714.28, 85971579, 913
1802, 75, 382, 1082, 0, 0, 57.03%, 13, 0, 52, 44982.04, 86197643, 913
1807, 75, 362, 1082, 0, 0, 57.03%, 13, 0, 52, 43210.27, 86415027, 913
1812, 76, 1074, 1082, 0, 0, 57.03%, 13, 0, 52, 44572.74, 86642335, 913
1817, 76, 788, 1082, 0, 0, 57.03%, 13, 0, 52, 43575.19, 86864805, 913
1822, 76, 411, 1082, 0, 0, 57.03%, 13, 0, 52, 43679.18, 87087370, 913
1827, 76, 563, 1082, 0, 0, 57.03%, 13, 0, 52, 45964.32, 87319854, 913
1832, 76, 225, 1082, 0, 0, 57.03%, 13, 0, 52, 45285.23, 87545159, 913
1837, 77, 435, 1082, 0, 0, 57.03%, 13, 0, 52, 44314.33, 87770041, 913
1842, 77, 344, 1082, 0, 0, 57.03%, 13, 0, 52, 44592.00, 87995491, 913
1847, 77, 358, 1082, 0, 0, 57.03%, 13, 0, 52, 44463.51, 88220149, 913
1852, 77, 62, 1082, 0, 0, 57.03%, 13, 0, 52, 42442.49, 88440018, 913
1858, 77, 425, 1082, 0, 0, 57.03%, 13, 0, 52, 45495.51, 88675625, 913
1863, 78, 314, 1082, 0, 0, 57.03%, 13, 0, 52, 43964.73, 88897279, 913
1868, 78, 684, 1082, 0, 0, 57.03%, 13, 0, 52, 43825.89, 89117648, 913
1873, 78, 131, 1084, 1, 0, 57.03%, 13, 0, 52, 44844.37, 89344097, 913
1878, 78, 385, 1084, 1, 0, 57.03%, 13, 0, 52, 45599.99, 89574557, 913
1883, 78, 250, 1085, 1, 0, 57.03%, 13, 0, 52, 45352.75, 89802503, 913
1888, 78, 346, 1086, 0, 0, 57.03%, 13, 0, 52, 44712.83, 90025987, 913
1893, 79, 496, 1086, 0, 0, 57.03%, 13, 0, 52, 42190.48, 90237863, 913
1898, 79, 701, 1086, 0, 0, 57.03%, 13, 0, 52, 44814.84, 90466751, 913
1903, 79, 393, 1087, 1, 0, 57.03%, 14, 0, 52, 45070.95, 90697134, 913
1908, 79, 689, 1087, 0, 0, 57.03%, 14, 0, 52, 45788.00, 90928703, 913
1913, 79, 360, 1087, 0, 0, 57.03%, 14, 0, 52, 44468.76, 91152656, 913
1918, 80, 805, 1087, 0, 0, 57.03%, 14, 0, 52, 45024.67, 91378380, 913
1923, 80, 398, 1087, 0, 0, 57.03%, 14, 0, 52, 46355.89, 91615256, 913
1928, 80, 416, 1087, 0, 0, 57.03%, 14, 0, 52, 45379.49, 91847755, 913
1933, 80, 789, 1087, 0, 0, 57.03%, 14, 0, 52, 45163.54, 92076415, 913
1938, 80, 344, 1087, 0, 0, 57.03%, 14, 0, 52, 44775.23, 92301748, 913
1944, 81, 654, 1087, 0, 0, 57.03%, 14, 0, 52, 43381.94, 92519910, 913
1949, 81, 388, 1087, 0, 0, 57.03%, 14, 0, 52, 45572.51, 92750867, 913
1954, 81, 1058, 1087, 0, 0, 57.03%, 14, 0, 52, 44445.46, 92977216, 913
1959, 81, 544, 1087, 0, 0, 57.03%, 14, 0, 52, 43094.86, 93195915, 913
1964, 81, 408, 1087, 0, 0, 57.03%, 14, 0, 52, 43665.62, 93416348, 913
1969, 82, 615, 1087, 0, 0, 57.03%, 14, 0, 52, 44470.91, 93646457, 913
1974, 82, 116, 1088, 1, 0, 57.03%, 14, 0, 52, 43200.75, 93862940, 913
1979, 82, 332, 1089, 1, 0, 57.03%, 14, 0, 52, 43278.77, 94086515, 913
1984, 82, 453, 1089, 0, 0, 57.03%, 14, 0, 52, 42708.77, 94303851, 913
1989, 82, 781, 1089, 0, 0, 57.03%, 14, 0, 52, 44805.58, 94532691, 913
1994, 83, 660, 1089, 0, 0, 57.03%, 14, 0, 52, 44860.09, 94759233, 913
1999, 83, 682, 1089, 0, 0, 57.03%, 14, 0, 52, 45623.32, 94989473, 913
2005, 83, 967, 1089, 0, 0, 57.03%, 14, 0, 52, 45738.62, 95219312, 913
2010, 83, 174, 1089, 0, 0, 57.03%, 14, 0, 52, 46127.45, 95452311, 913
2015, 83, 244, 1089, 0, 0, 57.03%, 14, 0, 52, 44401.25, 95675229, 913
2020, 84, 660, 1089, 0, 0, 57.03%, 14, 0, 52, 43585.74, 95895549, 913
2025, 84, 398, 1089, 0, 0, 57.03%, 14, 0, 52, 44754.63, 96121713, 913
2030, 84, 1058, 1089, 0, 0, 57.03%, 14, 0, 52, 43649.07, 96346153, 913
2035, 84, 315, 1089, 0, 0, 57.03%, 14, 0, 52, 43992.04, 96569839, 913
2040, 84, 1078, 1089, 0, 0, 57.03%, 14, 0, 52, 45605.70, 96801857, 913
2045, 84, 244, 1089, 0, 0, 57.03%, 14, 0, 52, 44586.97, 97026544, 913
2050, 85, 475, 1089, 0, 0, 57.03%, 14, 0, 52, 43420.64, 97243525, 913
2055, 85, 545, 1089, 0, 0, 57.03%, 14, 0, 52, 44747.37, 97473843, 913
2060, 85, 1084, 1089, 0, 0, 57.03%, 14, 0, 52, 44466.70, 97695753, 913
2065, 85, 813, 1089, 0, 0, 57.03%, 14, 0, 52, 44392.16, 97922346, 913
2070, 85, 610, 1089, 0, 0, 57.03%, 14, 0, 52, 45712.36, 98156885, 913
2075, 86, 849, 1089, 0, 0, 57.03%, 14, 0, 52, 43829.03, 98381450, 913
2081, 86, 393, 1090, 1, 0, 57.03%, 14, 0, 52, 43917.70, 98601858, 913
2086, 86, 169, 1090, 1, 0, 57.03%, 14, 0, 52, 43420.27, 98820442, 913
2091, 86, 327, 1090, 0, 0, 57.03%, 14, 0, 52, 42266.27, 99023144, 913
2096, 86, 388, 1090, 0, 0, 57.03%, 14, 0, 52, 42738.68, 99242623, 913
2101, 87, 596, 1090, 0, 0, 57.03%, 14, 0, 52, 44856.27, 99471426, 913
2106, 87, 538, 1090, 0, 0, 57.03%, 14, 0, 52, 43480.73, 99687659, 913
2111, 87, 132, 1090, 0, 0, 57.03%, 14, 0, 52, 46071.81, 99919518, 913
2116, 87, 357, 1091, 0, 0, 57.03%, 14, 0, 52, 44003.12, 100120514, 913
2121, 87, 375, 1091, 0, 0, 57.03%, 14, 0, 52, 44301.67, 100347411, 913
2126, 88, 735, 1091, 0, 0, 57.03%, 14, 0, 52, 42348.12, 100562370, 913
2131, 88, 296, 1091, 0, 0, 57.03%, 14, 0, 52, 44960.44, 100793493, 913
2136, 88, 911, 1091, 0, 0, 57.03%, 14, 0, 52, 45938.04, 101022373, 913
2141, 88, 360, 1091, 0, 0, 57.03%, 14, 0, 52, 46578.63, 101255381, 913
2146, 88, 338, 1091, 0, 0, 57.03%, 14, 0, 52, 44943.79, 101482160, 913
2151, 89, 1087, 1091, 0, 0, 57.03%, 14, 0, 52, 43628.36, 101698525, 913
2156, 89, 598, 1091, 0, 0, 57.03%, 14, 0, 52, 44021.46, 101920960, 913
2161, 89, 670, 1091, 0, 0, 57.03%, 14, 0, 52, 44005.73, 102143517, 913
2167, 89, 419, 1091, 0, 0, 57.03%, 14, 0, 52, 42303.93, 102363985, 913
2172, 89, 416, 1091, 0, 0, 57.03%, 14, 0, 52, 43412.53, 102587064, 913
2177, 89, 495, 1091, 0, 0, 57.03%, 14, 0, 52, 43298.16, 102808483, 913
2182, 90, 771, 1091, 0, 0, 57.03%, 14, 0, 52, 44399.30, 103035167, 913
2187, 90, 322, 1091, 0, 0, 57.03%, 14, 0, 52, 44974.19, 103260081, 913
2192, 90, 864, 1091, 0, 0, 57.03%, 14, 0, 52, 44804.59, 103486943, 913
2197, 90, 187, 1091, 0, 0, 57.03%, 14, 0, 52, 45308.08, 103713972, 913
2202, 90, 586, 1091, 0, 0, 57.03%, 14, 0, 52, 45649.94, 103947121, 913
2207, 91, 618, 1091, 0, 0, 57.03%, 14, 0, 52, 45478.30, 104179499, 913
2212, 91, 850, 1091, 0, 0, 57.03%, 14, 0, 52, 45716.82, 104411749, 913
2217, 91, 392, 1091, 0, 0, 57.03%, 14, 0, 52, 44505.42, 104639907, 913
2222, 91, 329, 1091, 0, 0, 57.03%, 14, 0, 52, 45412.56, 104871028, 913
2227, 91, 166, 1091, 0, 0, 57.03%, 14, 0, 52, 45199.11, 105099166, 913
2232, 92, 1085, 1091, 0, 0, 57.03%, 14, 0, 52, 43942.21, 105322068, 913
2238, 92, 814, 1091, 0, 0, 57.03%, 14, 0, 52, 44522.78, 105549276, 913
2243, 92, 879, 1091, 0, 0, 57.03%, 14, 0, 52, 45639.96, 105783151, 913
2248, 92, 715, 1091, 0, 0, 57.03%, 14, 0, 52, 44573.88, 106010685, 913
2253, 92, 327, 1091, 0, 0, 57.03%, 14, 0, 52, 44476.81, 106236618, 913
2258, 93, 327, 1091, 0, 0, 57.03%, 14, 0, 52, 43620.69, 106455002, 913
2263, 93, 108, 1091, 0, 0, 57.03%, 14, 0, 52, 45316.08, 106684673, 913
2268, 93, 89, 1091, 0, 0, 57.03%, 14, 0, 52, 44106.70, 106906265, 913
2273, 93, 248, 1091, 0, 0, 57.03%, 14, 0, 52, 45134.90, 107137320, 913
2278, 93, 554, 1091, 0, 0, 57.03%, 14, 0, 52, 43746.06, 107359032, 913
2283, 94, 1052, 1091, 0, 0, 57.03%, 14, 0, 52, 43823.00, 107578566, 913
2288, 94, 405, 1091, 0, 0, 57.03%, 14, 0, 52, 44182.68, 107802920, 913
2293, 94, 646, 1091, 0, 0, 57.03%, 14, 0, 52, 43199.50, 108020294, 913
2298, 94, 163, 1091, 0, 0, 57.03%, 14, 0, 52, 42459.13, 108237117, 913
2303, 94, 388, 1091, 0, 0, 57.03%, 14, 0, 52, 44435.94, 108464843, 913
2308, 95, 310, 1091, 0, 0, 57.03%, 14, 0, 52, 44199.95, 108688303, 913
2313, 95, 1001, 1091, 0, 0, 57.03%, 14, 0, 52, 43843.75, 108905563, 913
2318, 95, 885, 1091, 0, 0, 57.03%, 14, 0, 52, 45519.04, 109134708, 913
2324, 95, 415, 1091, 0, 0, 57.03%, 14, 0, 52, 45238.50, 109363807, 913
2329, 95, 613, 1091, 0, 0, 57.03%, 14, 0, 52, 45186.03, 109596426, 913
2334, 96, 660, 1091, 0, 0, 57.03%, 14, 0, 52, 44411.44, 109818619, 913
2339, 96, 869, 1091, 0, 0, 57.03%, 14, 0, 52, 43889.96, 110042020, 913
2344, 96, 657, 1091, 0, 0, 57.03%, 14, 0, 52, 45776.58, 110275121, 913
2349, 96, 347, 1091, 0, 0, 57.03%, 14, 0, 52, 43303.07, 110490499, 913
2354, 96, 197, 1091, 0, 0, 57.03%, 14, 0, 52, 44907.62, 110713886, 913
2359, 96, 152, 1091, 0, 0, 57.03%, 14, 0, 52, 45697.63, 110945006, 913
2364, 97, 790, 1091, 0, 0, 57.03%, 14, 0, 52, 45744.07, 111172923, 913
2369, 97, 1049, 1091, 0, 0, 57.03%, 14, 0, 52, 44403.88, 111397563, 913
2374, 97, 584, 1091, 0, 0, 57.03%, 14, 0, 52, 44740.42, 111624884, 913
2379, 97, 293, 1091, 0, 0, 57.03%, 14, 0, 52, 43693.43, 111844258, 913
2384, 97, 215, 1091, 0, 0, 57.03%, 14, 0, 52, 43259.30, 112063806, 913
2389, 98, 524, 1091, 0, 0, 57.03%, 14, 0, 52, 43242.55, 112281297, 913
2395, 98, 214, 1091, 0, 0, 57.03%, 14, 0, 52, 43170.51, 112501769, 913
2400, 98, 407, 1091, 0, 0, 57.03%, 14, 0, 52, 43871.86, 112724129, 913
2405, 98, 315, 1091, 0, 0, 57.03%, 14, 0, 52, 44971.28, 112950693, 913
2410, 98, 1085, 1091, 0, 0, 57.03%, 14, 0, 52, 44515.24, 113175464, 913
2415, 99, 59, 1091, 0, 0, 57.03%, 14, 0, 52, 43745.81, 113398067, 913
2420, 99, 349, 1091, 0, 0, 57.03%, 14, 0, 52, 43540.97, 113619307, 913
2425, 99, 428, 1091, 0, 0, 57.03%, 14, 0, 52, 43442.65, 113837366, 913
2430, 99, 616, 1091, 0, 0, 57.03%, 14, 0, 52, 42662.61, 114054862, 913
2435, 99, 495, 1091, 0, 0, 57.03%, 14, 0, 52, 43898.60, 114278143, 913
2440, 100, 356, 1091, 0, 0, 57.03%, 14, 0, 52, 44192.02, 114504067, 913
2445, 100, 403, 1091, 0, 0, 57.03%, 14, 0, 52, 45546.68, 114732324, 913
2450, 100, 262, 1091, 0, 0, 57.03%, 14, 0, 52, 44141.26, 114949426, 913
2455, 100, 234, 1091, 0, 0, 57.03%, 14, 0, 52, 45723.52, 115182530, 913
2461, 100, 405, 1091, 0, 0, 57.03%, 14, 0, 52, 43741.93, 115404723, 913
2466, 101, 388, 1091, 0, 0, 57.03%, 14, 0, 52, 44218.03, 115629942, 913
2471, 101, 960, 1091, 0, 0, 57.03%, 14, 0, 52, 43887.49, 115849547, 913
2476, 101, 560, 1091, 0, 0, 57.03%, 14, 0, 52, 44155.58, 116073014, 913
2481, 101, 773, 1091, 0, 0, 57.03%, 14, 0, 52, 44530.71, 116300206, 913
2486, 101, 814, 1091, 0, 0, 57.03%, 14, 0, 52, 44299.49, 116527080, 913
2491, 102, 84, 1091, 0, 0, 57.03%, 15, 0, 52, 43804.69, 116746837, 913
2496, 102, 524, 1091, 0, 0, 57.03%, 15, 0, 52, 45003.84, 116976597, 913
2501, 102, 497, 1091, 0, 0, 57.03%, 15, 0, 52, 44764.31, 117202811, 913
2506, 102, 487, 1091, 0, 0, 57.03%, 15, 0, 52, 44024.21, 117425238, 913
2511, 102, 360, 1091, 0, 0, 57.03%, 15, 0, 52, 44085.81, 117651388, 913
2516, 103, 882, 1091, 0, 0, 57.03%, 15, 0, 52, 44199.95, 117876789, 913
2521, 103, 483, 1091, 0, 0, 57.03%, 15, 0, 52, 43367.95, 118098098, 913
2526, 103, 447, 1091, 0, 0, 57.03%, 15, 0, 52, 43843.88, 118320133, 913
2531, 103, 357, 1091, 0, 0, 57.03%, 15, 0, 52, 44906.58, 118547834, 913
2537, 103, 293, 1091, 0, 0, 57.03%, 15, 0, 52, 44868.78, 118772240, 913
2542, 104, 527, 1091, 0, 0, 57.03%, 15, 0, 52, 45073.72, 118999588, 913
2547, 104, 660, 1091, 0, 0, 57.03%, 15, 0, 52, 44999.76, 119224710, 913
2552, 104, 626, 1091, 0, 0, 57.03%, 15, 0, 52, 44837.45, 119453896, 913
2557, 104, 522, 1091, 0, 0, 57.03%, 15, 0, 52, 45123.74, 119682994, 913
2562, 104, 240, 1091, 0, 0, 57.03%, 15, 0, 52, 44402.29, 119909581, 913
2567, 105, 917, 1091, 0, 0, 57.03%, 15, 0, 52, 43536.27, 120127778, 913
2572, 105, 962, 1091, 0, 0, 57.03%, 15, 0, 52, 43997.11, 120352668, 913
2577, 105, 205, 1091, 0, 0, 57.03%, 15, 0, 52, 45411.55, 120583688, 913
2582, 105, 320, 1091, 0, 0, 57.03%, 15, 0, 52, 44207.54, 120808496, 913
2587, 105, 408, 1091, 0, 0, 57.03%, 15, 0, 52, 45081.33, 121038727, 913
2592, 106, 998, 1091, 0, 0, 57.03%, 15, 0, 52, 44766.86, 121268551, 913
2597, 106, 398, 1091, 0, 0, 57.03%, 15, 0, 52, 44700.57, 121492830, 913
2602, 106, 327, 1091, 0, 0, 57.03%, 15, 0, 52, 46009.18, 121727067, 913
2608, 106, 380, 1091, 0, 0, 57.03%, 15, 0, 52, 43686.30, 121944938, 913
2613, 106, 388, 1091, 0, 0, 57.03%, 15, 0, 52, 43164.79, 122162220, 913
2618, 107, 555, 1091, 0, 0, 57.03%, 15, 0, 52, 43991.98, 122387301, 913
2623, 107, 1046, 1091, 0, 0, 57.03%, 15, 0, 52, 44939.24, 122612384, 913
2628, 107, 326, 1091, 0, 0, 57.03%, 15, 0, 52, 43136.04, 122830034, 913
2633, 107, 225, 1091, 0, 0, 57.03%, 15, 0, 52, 44402.71, 123059487, 913
2638, 107, 737, 1091, 0, 0, 57.03%, 15, 0, 52, 45598.10, 123287385, 913
2643, 107, 660, 1091, 0, 0, 57.03%, 15, 0, 52, 44772.12, 123507949, 913
2648, 108, 409, 1091, 0, 0, 57.03%, 15, 0, 52, 42754.35, 123720678, 913
2653, 108, 408, 1091, 0, 0, 57.03%, 15, 0, 52, 44529.38, 123947454, 913
2658, 108, 362, 1091, 0, 0, 57.03%, 15, 0, 52, 44668.14, 124175101, 913
2663, 108, 416, 1091, 0, 0, 57.03%, 15, 0, 52, 44387.85, 124399431, 913
2668, 108, 360, 1091, 0, 0, 57.03%, 15, 0, 52, 43498.22, 124617495, 913
2673, 109, 867, 1091, 0, 0, 57.03%, 15, 0, 52, 44440.88, 124847088, 913
2678, 109, 393, 1091, 0, 0, 57.03%, 15, 0, 52, 44443.24, 125071828, 913
2683, 109, 225, 1091, 0, 0, 57.03%, 15, 0, 52, 44358.91, 125293945, 913
2689, 109, 709, 1091, 0, 0, 57.03%, 15, 0, 52, 43300.29, 125512472, 913
2694, 109, 154, 1091, 0, 0, 57.03%, 15, 0, 52, 45685.70, 125744357, 913
2699, 110, 648, 1091, 0, 0, 57.03%, 15, 0, 52, 43635.83, 125964099, 913
2704, 110, 293, 1091, 0, 0, 57.03%, 15, 0, 52, 44951.95, 126193146, 913
2709, 110, 1052, 1091, 0, 0, 57.03%, 15, 0, 52, 42466.85, 126408803, 913
2714, 110, 495, 1091, 0, 0, 57.03%, 15, 0, 52, 45044.86, 126637996, 913
2719, 110, 392, 1091, 0, 0, 57.03%, 15, 0, 52, 44435.82, 126862887, 913
2724, 111, 616, 1091, 0, 0, 57.03%, 15, 0, 52, 44059.82, 127085448, 913
2729, 111, 489, 1091, 0, 0, 57.03%, 15, 0, 52, 44561.34, 127308394, 913
2734, 111, 1007, 1091, 0, 0, 57.03%, 15, 0, 52, 46174.30, 127537951, 913
2739, 111, 271, 1091, 0, 0, 57.03%, 15, 0, 52, 45501.91, 127764450, 913
2744, 111, 646, 1091, 0, 0, 57.03%, 15, 0, 52, 44246.18, 127986687, 913
2749, 111, 660, 1091, 0, 0, 57.03%, 15, 0, 52, 43935.87, 128208408, 913
2754, 112, 709, 1091, 0, 0, 57.03%, 15, 0, 52, 44777.36, 128433804, 913
2760, 112, 713, 1091, 0, 0, 57.03%, 15, 0, 52, 45053.62, 128663550, 913
2765, 112, 972, 1091, 0, 0, 57.03%, 15, 0, 52, 45794.03, 128890182, 913
2770, 112, 405, 1091, 0, 0, 57.03%, 15, 0, 52, 45762.31, 129118152, 913
2775, 112, 727, 1091, 0, 0, 57.03%, 15, 0, 52, 44824.96, 129340946, 913
2780, 113, 863, 1091, 0, 0, 57.03%, 15, 0, 52, 44094.83, 129563646, 913
2785, 113, 357, 1091, 0, 0, 57.03%, 15, 0, 52, 43773.15, 129785462, 913
2790, 113, 608, 1091, 0, 0, 57.03%, 15, 0, 52, 44765.40, 130013601, 913
2795, 113, 694, 1091, 0, 0, 57.03%, 15, 0, 52, 44360.65, 130237844, 913
2800, 113, 825, 1091, 0, 0, 57.03%, 15, 0, 52, 44344.29, 130460503, 913
2805, 114, 1073, 1091, 0, 0, 57.03%, 15, 0, 52, 44820.18, 130682180, 913
2810, 114, 52, 1091, 0, 0, 57.03%, 15, 0, 52, 45417.97, 130912574, 913
2815, 114, 579, 1091, 0, 0, 57.03%, 15, 0, 52, 44716.08, 131136022, 913
2820, 114, 392, 1091, 0, 0, 57.03%, 15, 0, 52, 45502.79, 131366927, 913
2825, 114, 610, 1091, 0, 0, 57.03%, 15, 0, 52, 44234.76, 131589777, 913
2830, 115, 457, 1091, 0, 0, 57.03%, 15, 0, 52, 44289.17, 131814195, 913
2836, 115, 784, 1091, 0, 0, 57.03%, 15, 0, 52, 45649.11, 132048474, 913
2841, 115, 616, 1091, 0, 0, 57.03%, 15, 0, 52, 43684.82, 132270273, 913
2846, 115, 373, 1091, 0, 0, 57.03%, 15, 0, 52, 43378.63, 132486558, 913
2851, 115, 296, 1091, 0, 0, 57.03%, 15, 0, 52, 43388.64, 132709648, 913
2856, 116, 960, 1091, 0, 0, 57.03%, 15, 0, 52, 44342.63, 132937369, 913
2861, 116, 587, 1091, 0, 0, 57.03%, 15, 0, 52, 44877.49, 133164656, 913
2866, 116, 327, 1091, 0, 0, 57.03%, 15, 0, 52, 43707.76, 133383107, 913
2871, 116, 408, 1091, 0, 0, 57.03%, 15, 0, 52, 43402.81, 133600995, 913
2876, 116, 1075, 1091, 0, 0, 57.03%, 15, 0, 52, 46221.42, 133835265, 913
2881, 116, 660, 1091, 0, 0, 57.03%, 15, 0, 52, 43934.74, 134056397, 913
2886, 117, 280, 1091, 0, 0, 57.03%, 15, 0, 52, 43857.08, 134277788, 913
2891, 117, 393, 1091, 0, 0, 57.03%, 15, 0, 52, 44536.81, 134504200, 913
2896, 117, 618, 1091, 0, 0, 57.03%, 15, 0, 52, 44181.14, 134731129, 913
2901, 117, 425, 1092, 0, 0, 57.03%, 15, 0, 52, 44015.87, 134953813, 913
2906, 117, 171, 1092, 0, 0, 57.03%, 15, 0, 52, 44222.53, 135181022, 913
2912, 118, 690, 1092, 0, 0, 57.03%, 15, 0, 52, 45164.94, 135410394, 913
2917, 118, 908, 1092, 0, 0, 57.03%, 15, 0, 52, 45338.16, 135640286, 913
2922, 118, 327, 1092, 0, 0, 57.03%, 15, 0, 52, 44554.73, 135862209, 913
2927, 118, 654, 1092, 0, 0, 57.03%, 15, 0, 52, 43767.35, 136082793, 913
2932, 118, 639, 1092, 0, 0, 57.03%, 15, 0, 52, 44496.97, 136306635, 913
2937, 119, 197, 1092, 0, 0, 57.03%, 15, 0, 52, 44516.96, 136533232, 913
2942, 119, 327, 1092, 0, 0, 57.03%, 15, 0, 52, 44315.17, 136760336, 913
2947, 119, 327, 1092, 0, 0, 57.03%, 15, 0, 52, 44645.95, 136986150, 913
2952, 119, 312, 1092, 0, 0, 57.03%, 15, 0, 52, 44512.15, 137211129, 913
2957, 119, 771, 1092, 0, 0, 57.03%, 15, 0, 52, 44645.67, 137437120, 913
2962, 120, 600, 1092, 0, 0, 57.03%, 15, 0, 52, 43522.88, 137656562, 913
2967, 120, 814, 1092, 0, 0, 57.03%, 15, 0, 52, 42875.21, 137873109, 913
2972, 120, 132, 1092, 0, 0, 57.03%, 15, 0, 52, 44670.87, 138099683, 913
2977, 120, 657, 1092, 0, 0, 57.03%, 15, 0, 52, 42918.44, 138313670, 913
2982, 120, 1091, 1092, 0, 0, 57.03%, 15, 0, 52, 43895.63, 138534133, 913
2988, 120, 631, 1092, 0, 0, 57.03%, 15, 0, 52, 42683.82, 138747848, 913
2993, 121, 894, 1092, 0, 0, 57.03%, 15, 0, 52, 42492.48, 138965532, 913
2998, 121, 393, 1092, 0, 0, 57.03%, 15, 0, 52, 45869.15, 139199655, 913
3003, 121, 408, 1092, 0, 0, 57.03%, 15, 0, 52, 44136.74, 139426363, 913
3008, 121, 858, 1092, 0, 0, 57.03%, 15, 0, 52, 45375.54, 139658958, 913
3013, 121, 347, 1092, 0, 0, 57.03%, 15, 0, 52, 44386.63, 139876142, 913
3018, 122, 1020, 1092, 0, 0, 57.03%, 15, 0, 52, 44969.68, 140102272, 913
3023, 122, 411, 1092, 0, 0, 57.03%, 15, 0, 52, 42907.31, 140319379, 913
3028, 122, 687, 1092, 0, 0, 57.03%, 15, 0, 52, 43703.65, 140542432, 913
3033, 122, 232, 1092, 0, 0, 57.03%, 15, 0, 52, 43385.58, 140758104, 913
3038, 122, 757, 1092, 0, 0, 57.03%, 15, 0, 52, 43536.44, 140978400, 913
3043, 123, 506, 1092, 0, 0, 57.03%, 15, 0, 52, 42991.84, 141195998, 913
3048, 123, 231, 1092, 0, 0, 57.03%, 15, 0, 52, 43717.25, 141416022, 913
3053, 123, 1091, 1092, 0, 0, 57.03%, 15, 0, 52, 43670.04, 141638181, 913
3058, 123, 145, 1092, 0, 0, 57.03%, 15, 0, 52, 45176.13, 141864551, 913
3064, 123, 806, 1092, 0, 0, 57.03%, 15, 0, 52, 43913.51, 142083535, 913
3069, 124, 262, 1092, 0, 0, 57.03%, 15, 0, 52, 41896.82, 142295487, 913
3074, 124, 142, 1092, 0, 0, 57.03%, 15, 0, 52, 44693.27, 142526008, 913
3079, 124, 399, 1092, 0, 0, 57.03%, 15, 0, 52, 44277.26, 142747479, 913
3084, 124, 868, 1092, 0, 0, 57.03%, 15, 0, 52, 43124.33, 142966827, 913
3089, 124, 416, 1092, 0, 0, 57.03%, 15, 0, 52, 43093.67, 143186486, 913
3094, 125, 382, 1092, 0, 0, 57.03%, 15, 0, 52, 45485.34, 143416847, 913
3099, 125, 163, 1092, 0, 0, 57.03%, 15, 0, 52, 45181.06, 143644313, 913
3104, 125, 495, 1092, 0, 0, 57.03%, 15, 0, 52, 43587.19, 143865315, 913
3109, 125, 169, 1092, 0, 0, 57.03%, 15, 0, 52, 44856.71, 144094169, 913
3114, 125, 754, 1092, 0, 0, 57.03%, 15, 0, 52, 44153.40, 144313279, 913
3119, 126, 375, 1092, 0, 0, 57.03%, 15, 0, 52, 45345.25, 144547793, 913
3124, 126, 103, 1092, 0, 0, 57.03%, 15, 0, 52, 45843.16, 144778841, 913
3129, 126, 545, 1092, 0, 0, 57.03%, 15, 0, 52, 44263.83, 145002627, 913
3134, 126, 610, 1092, 0, 0, 57.03%, 15, 0, 52, 43091.49, 145223712, 913
3139, 126, 814, 1092, 0, 0, 57.03%, 15, 0, 52, 44501.23, 145447953, 913
3144, 127, 967, 1092, 0, 0, 57.03%, 15, 0, 52, 43325.80, 145668115, 913
3150, 127, 364, 1092, 0, 0, 57.03%, 15, 0, 52, 44482.26, 145894321, 913
3155, 127, 103, 1092, 0, 0, 57.03%, 15, 0, 52, 45118.08, 146122556, 913
3160, 127, 538, 1092, 0, 0, 57.03%, 15, 0, 52, 44965.72, 146351194, 913
3165, 127, 770, 1092, 0, 0, 57.03%, 15, 0, 52, 44841.37, 146576389, 913
3170, 128, 225, 1092, 0, 0, 57.03%, 15, 0, 52, 44567.51, 146800480, 913
3175, 128, 405, 1092, 0, 0, 57.03%, 15, 0, 52, 44885.30, 147028531, 913
3180, 128, 532, 1092, 0, 0, 57.03%, 15, 0, 52, 43623.07, 147250236, 913
3185, 128, 988, 1092, 0, 0, 57.03%, 15, 0, 52, 43763.06, 147472136, 913
3190, 128, 425, 1092, 0, 0, 57.03%, 15, 0, 52, 42880.55, 147691915, 913
3195, 128, 985, 1092, 0, 0, 57.03%, 15, 0, 52, 42113.92, 147901639, 913
3200, 129, 658, 1092, 0, 0, 57.03%, 15, 0, 52, 44321.52, 148127526, 913
3205, 129, 1051, 1092, 0, 0, 57.03%, 15, 0, 52, 45304.38, 148359199, 913
3210, 129, 312, 1092, 0, 0, 57.03%, 15, 0, 52, 46060.53, 148590079, 913
3215, 129, 574, 1092, 0, 0, 57.03%, 15, 0, 52, 44606.75, 148814687, 913
3220, 129, 650, 1092, 0, 0, 57.03%, 15, 0, 52, 43511.93, 149028587, 913
3225, 130, 618, 1092, 0, 0, 57.03%, 15, 0, 52, 45470.14, 149260239, 913
3231, 130, 632, 1092, 0, 0, 57.03%, 15, 0, 52, 46053.04, 149491027, 913
3236, 130, 302, 1092, 0, 0, 57.03%, 15, 0, 52, 44270.49, 149715770, 913
3241, 130, 529, 1092, 0, 0, 57.03%, 15, 0, 52, 45754.63, 149949990, 913
3246, 130, 940, 1092, 0, 0, 57.03%, 15, 0, 52, 45510.30, 150177560, 913
3251, 131, 544, 1092, 0, 0, 57.03%, 15, 0, 52, 44090.42, 150399175, 913
3256, 131, 286, 1092, 0, 0, 57.03%, 15, 0, 52, 45660.34, 150627290, 913
3261, 131, 717, 1092, 0, 0, 57.03%, 15, 0, 52, 44966.48, 150853293, 913
3266, 131, 95, 1092, 0, 0, 57.03%, 15, 0, 52, 43591.42, 151070178, 913
3271, 131, 910, 1092, 0, 0, 57.03%, 15, 0, 52, 43483.09, 151293631, 913
3276, 132, 831, 1092, 0, 0, 57.03%, 15, 0, 52, 43966.67, 151515597, 913
3281, 132, 495, 1092, 0, 0, 57.03%, 15, 0, 52, 43134.60, 151732399, 913
3286, 132, 616, 1092, 0, 0, 57.03%, 15, 0, 52, 43964.72, 151953493, 913
3291, 132, 157, 1092, 0, 0, 57.03%, 15, 0, 52, 44757.62, 152177841, 913
3296, 132, 969, 1092, 0, 0, 57.03%, 15, 0, 52, 44568.67, 152398362, 913
3301, 133, 443, 1092, 0, 0, 57.03%, 15, 0, 52, 44446.01, 152624191, 913
3306, 133, 610, 1092, 0, 0, 57.03%, 15, 0, 52, 44257.39, 152844944, 913
3312, 133, 814, 1092, 0, 0, 57.03%, 15, 0, 52, 43212.05, 153069924, 913
3317, 133, 84, 1092, 0, 0, 57.03%, 15, 0, 52, 43406.15, 153292010, 913
3322, 133, 756, 1092, 0, 0, 57.03%, 15, 0, 52, 43382.32, 153513235, 913
3327, 134, 524, 1092, 0, 0, 57.03%, 15, 0, 52, 44220.79, 153738382, 913
3332, 134, 164, 1093, 1, 0, 57.03%, 15, 0, 52, 45542.53, 153968772, 913
3337, 134, 386, 1093, 1, 0, 57.03%, 15, 0, 52, 45788.83, 154199486, 913
3342, 134, 469, 1093, 0, 0, 57.03%, 15, 0, 52, 40554.31, 154390459, 913
3347, 134, 685, 1093, 0, 0, 57.03%, 15, 0, 52, 41862.43, 154608004, 913
3352, 134, 874, 1093, 0, 0, 57.03%, 15, 0, 52, 43119.49, 154826180, 913
3357, 135, 6, 1093, 0, 0, 57.03%, 15, 0, 52, 43794.72, 155049614, 913
3362, 135, 344, 1093, 0, 0, 57.03%, 15, 0, 52, 44434.63, 155274931, 913
3367, 135, 911, 1093, 0, 0, 57.03%, 15, 0, 52, 44080.13, 155497560, 913
3372, 135, 241, 1093, 0, 0, 57.03%, 15, 0, 52, 44086.39, 155723477, 913
3377, 135, 356, 1093, 0, 0, 57.03%, 15, 0, 52, 44423.81, 155948700, 913
3382, 136, 225, 1093, 0, 0, 57.03%, 15, 0, 52, 44753.99, 156175673, 913
3387, 136, 157, 1093, 0, 0, 57.03%, 15, 0, 52, 43687.21, 156395803, 913
3392, 136, 474, 1093, 0, 0, 57.03%, 15, 0, 52, 44543.23, 156620228, 913
3398, 136, 746, 1093, 0, 0, 57.03%, 15, 0, 52, 46026.86, 156854089, 913
3403, 136, 475, 1093, 0, 0, 57.03%, 15, 0, 52, 43728.78, 157073403, 913
3408, 136, 357, 1093, 0, 0, 57.03%, 15, 0, 52, 43712.23, 157293781, 913
3413, 137, 415, 1093, 0, 0, 57.03%, 15, 0, 52, 43016.44, 157516350, 913
3418, 137, 158, 1093, 0, 0, 57.03%, 15, 0, 52, 44877.46, 157744760, 913
3423, 137, 385, 1093, 0, 0, 57.03%, 15, 0, 52, 45368.26, 157973873, 913
3428, 137, 545, 1093, 0, 0, 57.03%, 15, 0, 52, 44614.61, 158197828, 913
3433, 137, 168, 1093, 0, 0, 57.03%, 15, 0, 52, 45716.54, 158430498, 913
3438, 138, 280, 1093, 0, 0, 57.03%, 15, 0, 52, 44466.75, 158652466, 913
3443, 138, 174, 1093, 0, 0, 57.03%, 15, 0, 52, 44798.84, 158878928, 913
3448, 138, 455, 1093, 0, 0, 57.03%, 15, 0, 52, 44183.88, 159104537, 913
3453, 138, 544, 1093, 0, 0, 57.03%, 15, 0, 52, 44192.45, 159331479, 913
3458, 138, 316, 1093, 0, 0, 57.03%, 15, 0, 52, 43179.97, 159552854, 913
3464, 138, 609, 1093, 0, 0, 57.03%, 15, 0, 52, 43935.55, 159773371, 913
3469, 139, 533, 1093, 0, 0, 57.03%, 15, 0, 52, 44278.84, 159995992, 913
3474, 139, 616, 1093, 0, 0, 57.03%, 15, 0, 52, 44107.20, 160216708, 913
3479, 139, 630, 1093, 0, 0, 57.03%, 15, 0, 52, 45619.20, 160446923, 913
3484, 139, 243, 1093, 0, 0, 57.03%, 15, 0, 52, 44617.08, 160670296, 913
3489, 139, 545, 1093, 0, 0, 57.03%, 15, 0, 52, 44772.54, 160898544, 913
3494, 140, 174, 1093, 0, 0, 57.03%, 15, 0, 52, 43910.76, 161122096, 913
3499, 140, 1091, 1093, 0, 0, 57.03%, 15, 0, 52, 44229.96, 161341768, 913
3504, 140, 197, 1093, 0, 0, 57.03%, 15, 0, 52, 42765.54, 161555587, 913
3509, 140, 610, 1093, 0, 0, 57.03%, 15, 0, 52, 44062.22, 161781553, 913
3514, 140, 613, 1093, 0, 0, 57.03%, 15, 0, 52, 44261.05, 162004773, 913
3519, 140, 492, 1093, 0, 0, 57.03%, 15, 0, 52, 44247.76, 162229412, 913
3524, 141, 385, 1093, 0, 0, 57.03%, 15, 0, 52, 45224.52, 162458974, 913
3530, 141, 1085, 1093, 0, 0, 57.03%, 15, 0, 52, 44431.68, 162681624, 913
3535, 141, 515, 1093, 0, 0, 57.03%, 15, 0, 52, 44907.23, 162905592, 913
3540, 141, 360, 1093, 0, 0, 57.03%, 15, 0, 52, 45373.57, 163137710, 913
3545, 141, 610, 1093, 0, 0, 57.03%, 15, 0, 52, 43734.68, 163360629, 913
3550, 142, 216, 1093, 0, 0, 57.03%, 15, 0, 52, 45241.83, 163594464, 913
3555, 142, 660, 1093, 0, 0, 57.03%, 15, 0, 52, 45068.79, 163826444, 913
3560, 142, 163, 1093, 0, 0, 57.03%, 15, 0, 52, 44038.35, 164047344, 913
3565, 142, 408, 1093, 0, 0, 57.03%, 15, 0, 52, 44622.48, 164271363, 913
3570, 142, 242, 1093, 0, 0, 57.03%, 15, 0, 52, 45349.19, 164502254, 913
3575, 143, 675, 1093, 0, 0, 57.03%, 15, 0, 52, 43942.05, 164718518, 913
3580, 143, 169, 1093, 0, 0, 57.03%, 15, 0, 52, 44939.42, 164946850, 913
3585, 143, 386, 1093, 0, 0, 57.03%, 15, 0, 52, 45475.22, 165176853, 913
3590, 143, 250, 1093, 0, 0, 57.03%, 15, 0, 52, 45340.74, 165406497, 913
3596, 143, 84, 1093, 0, 0, 57.03%, 15, 0, 52, 45835.40, 165640554, 913
3601, 143, 296, 1093, 0, 0, 57.03%, 15, 0, 52, 44421.23, 165862754, 913
3606, 144, 280, 1093, 0, 0, 57.03%, 15, 0, 52, 45198.29, 166093937, 913
3611, 144, 312, 1093, 0, 0, 57.03%, 15, 0, 52, 44833.67, 166318959, 913
3616, 144, 831, 1093, 0, 0, 57.03%, 15, 0, 52, 44573.49, 166544648, 913
3621, 144, 416, 1093, 0, 0, 57.03%, 15, 0, 52, 45829.44, 166773668, 913
3626, 144, 660, 1093, 0, 0, 57.03%, 15, 0, 52, 44633.58, 166998976, 913
3631, 145, 408, 1093, 0, 0, 57.03%, 15, 0, 52, 44429.12, 167224022, 913
3636, 145, 392, 1093, 0, 0, 57.03%, 15, 0, 52, 45534.39, 167456909, 913
3641, 145, 394, 1093, 0, 0, 57.03%, 15, 0, 52, 42905.49, 167671855, 913
3646, 145, 463, 1093, 0, 0, 57.03%, 15, 0, 52, 43804.81, 167895290, 913
3651, 145, 392, 1093, 0, 0, 57.03%, 15, 0, 52, 45305.52, 168125535, 913
3656, 146, 527, 1093, 0, 0, 57.03%, 15, 0, 52, 45524.03, 168356071, 913
3661, 146, 408, 1093, 0, 0, 57.03%, 15, 0, 52, 44583.39, 168586945, 913
3666, 146, 225, 1093, 0, 0, 57.03%, 15, 0, 52, 45998.60, 168821544, 913
3672, 146, 401, 1093, 0, 0, 57.03%, 15, 0, 52, 44491.62, 169045925, 913
3677, 146, 816, 1093, 0, 0, 57.03%, 15, 0, 52, 44368.58, 169270738, 913
3682, 146, 166, 1093, 0, 0, 57.03%, 15, 0, 52, 44702.00, 169497063, 913
3687, 147, 1090, 1093, 0, 0, 57.03%, 15, 0, 52, 43751.95, 169720807, 913
3692, 147, 527, 1093, 0, 0, 57.03%, 15, 0, 52, 44585.11, 169942074, 913
3697, 147, 131, 1093, 0, 0, 57.03%, 15, 0, 52, 44282.18, 170165374, 913
3702, 147, 314, 1093, 0, 0, 57.03%, 15, 0, 52, 45200.49, 170395148, 913
3707, 147, 166, 1093, 0, 0, 57.03%, 15, 0, 52, 44374.10, 170619038, 913
3712, 148, 772, 1093, 0, 0, 57.03%, 15, 0, 52, 45054.57, 170847001, 913
3717, 148, 824, 1093, 0, 0, 57.03%, 15, 0, 52, 44852.12, 171070544, 913
3722, 148, 882, 1093, 0, 0, 57.03%, 15, 0, 52, 44268.41, 171294108, 913
3727, 148, 545, 1093, 0, 0, 57.03%, 15, 0, 52, 43917.09, 171516415, 913
3732, 148, 805, 1093, 0, 0, 57.03%, 15, 0, 52, 43989.04, 171743779, 913
3737, 148, 665, 1093, 0, 0, 57.03%, 15, 0, 52, 44889.04, 171974026, 913
3742, 149, 327, 1093, 0, 0, 57.03%, 15, 0, 52, 45356.41, 172203923, 913
3748, 149, 753, 1093, 0, 0, 57.03%, 15, 0, 52, 44046.71, 172430083, 913
3753, 149, 600, 1093, 0, 0, 57.03%, 15, 0, 52, 45411.44, 172659099, 913
3758, 149, 382, 1093, 0, 0, 57.03%, 15, 0, 52, 43897.62, 172884939, 913
3763, 149, 697, 1093, 0, 0, 57.03%, 15, 0, 52, 45392.95, 173116180, 913
3768, 149, 861, 1093, 0, 0, 57.03%, 15, 0, 52, 44403.45, 173337568, 913
3773, 150, 411, 1093, 0, 0, 57.03%, 15, 0, 52, 43789.29, 173559742, 913
3778, 150, 790, 1093, 0, 0, 57.03%, 15, 0, 52, 44114.40, 173782456, 913
3783, 150, 293, 1093, 0, 0, 57.03%, 15, 0, 52, 44324.05, 174011032, 913
3788, 150, 312, 1093, 0, 0, 57.03%, 15, 0, 52, 45142.06, 174239727, 913
3793, 150, 616, 1093, 0, 0, 57.03%, 15, 0, 52, 43788.90, 174464032, 913
3798, 151, 174, 1093, 0, 0, 57.03%, 15, 0, 52, 45260.17, 174694918, 913
3803, 151, 103, 1093, 0, 0, 57.03%, 15, 0, 52, 45793.64, 174926922, 913
3808, 151, 1051, 1093, 0, 0, 57.03%, 15, 0, 52, 44305.79, 175152068, 913
3814, 151, 1087, 1093, 0, 0, 57.03%, 15, 0, 52, 44416.14, 175379846, 913
3819, 151, 621, 1093, 0, 0, 57.03%, 15, 0, 52, 45214.84, 175607581, 913
3824, 152, 584, 1093, 0, 0, 57.03%, 15, 0, 52, 43282.93, 175828862, 913
3829, 152, 246, 1093, 0, 0, 57.03%, 15, 0, 52, 44986.94, 176054134, 913
3834, 152, 813, 1093, 0, 0, 57.03%, 15, 0, 52, 45116.86, 176281215, 913
3839, 152, 428, 1093, 0, 0, 57.03%, 15, 0, 52, 44028.11, 176504143, 913
3844, 152, 1084, 1093, 0, 0, 57.03%, 15, 0, 52, 45203.40, 176729862, 913
3849, 152, 362, 1093, 0, 0, 57.03%, 15, 0, 52, 44883.12, 176957008, 913
3854, 153, 163, 1093, 0, 0, 57.03%, 15, 0, 52, 45187.47, 177187087, 913
3859, 153, 782, 1093, 0, 0, 57.03%, 15, 0, 52, 44487.19, 177408367, 913
3864, 153, 355, 1093, 0, 0, 57.03%, 15, 0, 52, 45101.48, 177636289, 913
3869, 153, 392, 1093, 0, 0, 57.03%, 15, 0, 52, 45655.11, 177868513, 913
3874, 153, 538, 1093, 0, 0, 57.03%, 15, 0, 52, 45345.25, 178095723, 913
3879, 154, 310, 1093, 0, 0, 57.03%, 15, 0, 52, 45198.81, 178320526, 913
3884, 154, 6, 1093, 0, 0, 57.03%, 15, 0, 52, 46214.19, 178555186, 913
3889, 154, 584, 1093, 0, 0, 57.03%, 15, 0, 52, 44075.54, 178779929, 913
3895, 154, 597, 1093, 0, 0, 57.03%, 15, 0, 52, 45080.28, 179009683, 913
3900, 154, 174, 1093, 0, 0, 57.03%, 15, 0, 52, 44748.03, 179232852, 913
3905, 154, 444, 1093, 0, 0, 57.03%, 15, 0, 52, 44506.39, 179457379, 913
3910, 155, 380, 1093, 0, 0, 57.03%, 15, 0, 52, 44568.49, 179683127, 913
3915, 155, 127, 1093, 0, 0, 57.03%, 15, 0, 52, 42603.09, 179898501, 913
3920, 155, 779, 1093, 0, 0, 57.03%, 15, 0, 52, 44050.17, 180123213, 913
3925, 155, 205, 1093, 0, 0, 57.03%, 15, 0, 52, 44809.79, 180351850, 913
3930, 155, 660, 1093, 0, 0, 57.03%, 15, 0, 52, 43127.64, 180571630, 913
3935, 156, 704, 1093, 0, 0, 57.03%, 15, 0, 52, 44936.82, 180799791, 913
3940, 156, 1004, 1093, 0, 0, 57.03%, 15, 0, 52, 44347.57, 181021408, 913
3945, 156, 338, 1093, 0, 0, 57.03%, 15, 0, 52, 44640.09, 181248168, 913
3950, 156, 799, 1093, 0, 0, 57.03%, 15, 0, 52, 44392.54, 181474025, 913
3955, 156, 349, 1093, 0, 0, 57.03%, 15, 0, 52, 44429.87, 181696572, 913
3960, 156, 968, 1093, 0, 0, 57.03%, 15, 0, 52, 42534.74, 181874557, 913
