# relative_time, cycles_done, cur_item, corpus_count, pending_total, pending_favs, map_size, saved_crashes, saved_hangs, max_depth, execs_per_sec, total_execs, edges_found
61, 1, 473, 1070, 238, 0, 57.03%, 6, 0, 52, 26635.00, 1880340, 913
66, 1, 280, 1070, 173, 0, 57.03%, 8, 0, 52, 64845.00, 2082054, 913
71, 1, 827, 1070, 106, 0, 57.03%, 9, 0, 52, 53780.54, 2332773, 913
76, 1, 280, 1070, 71, 0, 57.03%, 9, 0, 52, 54295.13, 2600263, 913
81, 2, 818, 1070, 47, 0, 57.03%, 9, 0, 52, 55321.61, 2879405, 913
87, 2, 495, 1070, 27, 0, 57.03%, 10, 0, 52, 54823.75, 3154304, 913
92, 2, 735, 1070, 12, 0, 57.03%, 10, 0, 52, 55110.20, 3436297, 913
97, 2, 968, 1070, 7, 0, 57.03%, 10, 0, 52, 56976.59, 3725357, 913
102, 3, 375, 1070, 5, 0, 57.03%, 12, 0, 52, 58732.74, 4021976, 913
107, 3, 279, 1070, 5, 0, 57.03%, 12, 0, 52, 59150.84, 4317984, 913
112, 3, 385, 1070, 4, 0, 57.03%, 12, 0, 52, 56321.73, 4599607, 913
117, 3, 658, 1070, 3, 0, 57.03%, 12, 0, 52, 55659.73, 4885079, 913
122, 4, 408, 1070, 3, 0, 57.03%, 12, 0, 52, 55947.62, 5166408, 913
127, 4, 315, 1070, 3, 0, 57.03%, 12, 0, 52, 56711.24, 5456421, 913
132, 4, 597, 1070, 2, 0, 57.03%, 12, 0, 52, 57732.60, 5754151, 913
137, 4, 411, 1070, 2, 0, 57.03%, 12, 0, 52, 57225.26, 6040530, 913
142, 5, 344, 1070, 2, 0, 57.03%, 12, 0, 52, 54761.69, 6317670, 913
147, 5, 393, 1070, 2, 0, 57.03%, 12, 0, 52, 53896.85, 6590167, 913
152, 5, 506, 1070, 2, 0, 57.03%, 12, 0, 52, 55090.65, 6868832, 913
157, 5, 244, 1070, 2, 0, 57.03%, 12, 0, 52, 53526.68, 7138998, 913
162, 6, 538, 1070, 2, 0, 57.03%, 12, 0, 52, 55188.27, 7421360, 913
167, 6, 94, 1070, 1, 0, 57.03%, 12, 0, 52, 55765.23, 7700696, 913
172, 6, 83, 1070, 1, 0, 57.03%, 12, 0, 52, 55323.27, 7981753, 913
178, 6, 890, 1070, 1, 0, 57.03%, 12, 0, 52, 53382.08, 8248160, 913
183, 7, 171, 1070, 1, 0, 57.03%, 12, 0, 52, 54470.10, 8528487, 913
188, 7, 375, 1070, 0, 0, 57.03%, 12, 0, 52, 54422.76, 8804172, 913
193, 7, 174, 1070, 0, 0, 57.03%, 12, 0, 52, 54790.92, 9083111, 913
198, 7, 1062, 1070, 0, 0, 57.03%, 12, 0, 52, 55355.81, 9361461, 913
203, 8, 696, 1070, 0, 0, 57.03%, 12, 0, 52, 56026.40, 9644540, 913
208, 8, 492, 1070, 0, 0, 57.03%, 12, 0, 52, 55782.88, 9926876, 913
213, 8, 95, 1070, 0, 0, 57.03%, 12, 0, 52, 56573.28, 10211147, 913
218, 8, 332, 1070, 0, 0, 57.03%, 12, 0, 52, 55870.46, 10494324, 913
223, 9, 740, 1070, 0, 0, 57.03%, 12, 0, 52, 55167.96, 10773143, 913
228, 9, 739, 1070, 0, 0, 57.03%, 12, 0, 52, 55100.76, 11045383, 913
233, 9, 411, 1070, 0, 0, 57.03%, 12, 0, 52, 58310.66, 11337886, 913
238, 9, 528, 1070, 0, 0, 57.03%, 13, 0, 52, 56297.18, 11616607, 913
243, 9, 241, 1070, 0, 0, 57.03%, 13, 0, 52, 55606.63, 11898627, 913
248, 10, 280, 1070, 0, 0, 57.03%, 13, 0, 52, 54918.22, 12175752, 913
253, 10, 286, 1070, 0, 0, 57.03%, 14, 0, 52, 54119.84, 12451055, 913
258, 10, 579, 1070, 0, 0, 57.03%, 14, 0, 52, 55669.56, 12734578, 913
263, 10, 743, 1070, 0, 0, 57.03%, 15, 0, 52, 53884.83, 13005665, 913
268, 11, 545, 1070, 0, 0, 57.03%, 15, 0, 52, 54097.14, 13279853, 913
273, 11, 831, 1070, 0, 0, 57.03%, 15, 0, 52, 54828.20, 13556927, 913
278, 11, 163, 1070, 0, 0, 57.03%, 15, 0, 52, 54195.18, 13824124, 913
283, 11, 395, 1070, 0, 0, 57.03%, 15, 0, 52, 56076.89, 14107681, 913
288, 12, 456, 1070, 0, 0, 57.03%, 15, 0, 52, 56345.24, 14391030, 913
294, 12, 388, 1070, 0, 0, 57.03%, 15, 0, 52, 55720.02, 14671685, 913
299, 12, 636, 1070, 0, 0, 57.03%, 15, 0, 52, 55057.83, 14945099, 913
304, 12, 589, 1070, 0, 0, 57.03%, 15, 0, 52, 54021.46, 15215660, 913
309, 13, 728, 1070, 0, 0, 57.03%, 15, 0, 52, 55414.62, 15495919, 913
314, 13, 727, 1070, 0, 0, 57.03%, 15, 0, 52, 55558.36, 15774494, 913
319, 13, 523, 1070, 0, 0, 57.03%, 15, 0, 52, 54099.23, 16045482, 913
324, 13, 279, 1070, 0, 0, 57.03%, 15, 0, 52, 53948.61, 16322776, 913
329, 14, 392, 1070, 0, 0, 57.03%, 15, 0, 52, 52825.25, 16590475, 913
334, 14, 610, 1070, 0, 0, 57.03%, 15, 0, 52, 55659.80, 16877521, 913
339, 14, 567, 1070, 0, 0, 57.03%, 15, 0, 52, 51399.73, 17137447, 913
344, 14, 660, 1070, 0, 0, 57.03%, 15, 0, 52, 51564.12, 17399633, 913
349, 14, 660, 1070, 0, 0, 57.03%, 15, 0, 52, 54542.46, 17678191, 913
354, 15, 223, 1070, 0, 0, 57.03%, 15, 0, 52, 52542.64, 17948110, 913
359, 15, 436, 1070, 0, 0, 57.03%, 15, 0, 52, 52913.63, 18213123, 913
364, 15, 814, 1070, 0, 0, 57.03%, 15, 0, 52, 55506.56, 18494385, 913
369, 15, 393, 1070, 0, 0, 57.03%, 15, 0, 52, 53564.54, 18768122, 913
374, 16, 317, 1070, 0, 0, 57.03%, 15, 0, 52, 54863.10, 19045320, 913
379, 16, 714, 1070, 0, 0, 57.03%, 15, 0, 52, 56337.06, 19329143, 913
384, 16, 678, 1070, 0, 0, 57.03%, 15, 0, 52, 55399.12, 19611578, 913
390, 16, 93, 1070, 0, 0, 57.03%, 15, 0, 52, 53536.81, 19884308, 913
395, 17, 774, 1070, 0, 0, 57.03%, 15, 0, 52, 52310.45, 20151338, 913
400, 17, 438, 1070, 0, 0, 57.03%, 15, 0, 52, 53108.28, 20422558, 913
405, 17, 722, 1070, 0, 0, 57.03%, 15, 0, 52, 53187.41, 20692280, 913
410, 17, 862, 1070, 0, 0, 57.03%, 15, 0, 52, 52219.71, 20955870, 913
415, 17, 747, 1070, 0, 0, 57.03%, 15, 0, 52, 55931.31, 21240701, 913
420, 18, 698, 1070, 0, 0, 57.03%, 15, 0, 52, 55030.03, 21515905, 913
425, 18, 315, 1070, 0, 0, 57.03%, 15, 0, 52, 55714.65, 21793468, 913
430, 18, 198, 1070, 0, 0, 57.03%, 15, 0, 52, 55724.65, 22073073, 913
435, 18, 746, 1070, 0, 0, 57.03%, 15, 0, 52, 53715.61, 22341985, 913
440, 19, 803, 1070, 0, 0, 57.03%, 15, 0, 52, 52703.81, 22607006, 913
445, 19, 632, 1070, 0, 0, 57.03%, 15, 0, 52, 54032.86, 22878650, 913
450, 19, 714, 1070, 0, 0, 57.03%, 15, 0, 52, 56359.77, 23163672, 913
455, 19, 388, 1070, 0, 0, 57.03%, 15, 0, 52, 54975.25, 23437155, 913
460, 20, 416, 1070, 0, 0, 57.03%, 15, 0, 52, 54505.44, 23710349, 913
465, 20, 346, 1070, 0, 0, 57.03%, 16, 0, 52, 54180.60, 23982369, 913
470, 20, 669, 1070, 0, 0, 57.03%, 16, 0, 52, 54051.97, 24253292, 913
475, 20, 667, 1070, 0, 0, 57.03%, 16, 0, 52, 56361.94, 24537738, 913
480, 21, 55, 1070, 0, 0, 57.03%, 16, 0, 52, 53789.24, 24810626, 913
486, 21, 392, 1070, 0, 0, 57.03%, 16, 0, 52, 54481.99, 25084861, 913
491, 21, 392, 1070, 0, 0, 57.03%, 16, 0, 52, 54674.28, 25361049, 913
496, 21, 157, 1070, 0, 0, 57.03%, 16, 0, 52, 54189.81, 25635489, 913
501, 22, 868, 1070, 0, 0, 57.03%, 16, 0, 52, 54729.77, 25910490, 913
506, 22, 617, 1070, 0, 0, 57.03%, 16, 0, 52, 54722.97, 26187220, 913
511, 22, 408, 1070, 0, 0, 57.03%, 16, 0, 52, 54187.87, 26459678, 913
516, 22, 163, 1070, 0, 0, 57.03%, 16, 0, 52, 54579.67, 26734963, 913
521, 22, 215, 1070, 0, 0, 57.03%, 16, 0, 52, 56917.31, 27024459, 913
526, 23, 950, 1070, 0, 0, 57.03%, 16, 0, 52, 54898.22, 27298029, 913
531, 23, 330, 1070, 0, 0, 57.03%, 16, 0, 52, 54312.81, 27568901, 913
536, 23, 540, 1070, 0, 0, 57.03%, 16, 0, 52, 54231.04, 27843322, 913
541, 23, 330, 1070, 0, 0, 57.03%, 16, 0, 52, 52963.74, 28111882, 913
546, 24, 170, 1070, 0, 0, 57.03%, 16, 0, 52, 54568.63, 28390890, 913
551, 24, 84, 1070, 0, 0, 57.03%, 16, 0, 52, 54776.00, 28667073, 913
556, 24, 361, 1070, 0, 0, 57.03%, 16, 0, 52, 55641.70, 28945533, 913
561, 24, 142, 1070, 0, 0, 57.03%, 16, 0, 52, 54474.43, 29220728, 913
566, 25, 199, 1070, 0, 0, 57.03%, 16, 0, 52, 54588.89, 29497452, 913
571, 25, 330, 1070, 0, 0, 57.03%, 16, 0, 52, 55622.46, 29776589, 913
576, 25, 385, 1070, 0, 0, 57.03%, 16, 0, 52, 54126.90, 30049267, 913
581, 25, 747, 1070, 0, 0, 57.03%, 16, 0, 52, 54645.42, 30325010, 913
587, 26, 565, 1070, 0, 0, 57.03%, 16, 0, 52, 53734.63, 30593922, 913
592, 26, 541, 1070, 0, 0, 57.03%, 16, 0, 52, 53079.95, 30863780, 913
597, 26, 952, 1070, 0, 0, 57.03%, 16, 0, 52, 53201.65, 31134295, 913
602, 26, 417, 1070, 0, 0, 57.03%, 16, 0, 52, 49858.96, 31392304, 913
607, 26, 198, 1070, 0, 0, 57.03%, 16, 0, 52, 44278.01, 31612405, 913
612, 27, 635, 1070, 0, 0, 57.03%, 16, 0, 52, 41999.02, 31822063, 913
617, 27, 95, 1070, 0, 0, 57.03%, 16, 0, 52, 43428.07, 32042562, 913
622, 27, 375, 1070, 0, 0, 57.03%, 16, 0, 52, 43911.58, 32264740, 913
627, 27, 411, 1070, 0, 0, 57.03%, 16, 0, 52, 44299.50, 32490896, 913
632, 27, 278, 1070, 0, 0, 57.03%, 16, 0, 52, 44770.11, 32717646, 913
637, 28, 999, 1070, 0, 0, 57.03%, 16, 0, 52, 44420.09, 32944087, 913
642, 28, 372, 1070, 0, 0, 57.03%, 16, 0, 52, 44476.34, 33172278, 913
647, 28, 545, 1070, 0, 0, 57.03%, 16, 0, 52, 44434.95, 33398909, 913
653, 28, 481, 1070, 0, 0, 57.03%, 16, 0, 52, 45208.00, 33630748, 913
658, 28, 279, 1070, 0, 0, 57.03%, 16, 0, 52, 44567.77, 33863779, 913
663, 29, 377, 1070, 0, 0, 57.03%, 16, 0, 52, 44918.70, 34092635, 913
668, 29, 375, 1070, 0, 0, 57.03%, 16, 0, 52, 44828.02, 34317086, 913
673, 29, 415, 1070, 0, 0, 57.03%, 16, 0, 52, 43892.25, 34538815, 913
678, 29, 392, 1070, 0, 0, 57.03%, 16, 0, 52, 44536.65, 34765789, 913
683, 29, 344, 1070, 0, 0, 57.03%, 16, 0, 52, 45797.56, 34999285, 913
688, 30, 660, 1070, 0, 0, 57.03%, 16, 0, 52, 42904.93, 35217596, 913
693, 30, 388, 1070, 0, 0, 57.03%, 16, 0, 52, 44270.63, 35441187, 913
698, 30, 707, 1070, 0, 0, 57.03%, 16, 0, 52, 44154.91, 35663673, 913
703, 30, 392, 1070, 0, 0, 57.03%, 16, 0, 52, 41790.28, 35870530, 913
708, 30, 387, 1070, 0, 0, 57.03%, 16, 0, 52, 41891.90, 36080242, 913
713, 30, 937, 1070, 0, 0, 57.03%, 16, 0, 52, 43535.72, 36298618, 913
718, 31, 454, 1070, 0, 0, 57.03%, 16, 0, 52, 44462.52, 36526003, 913
724, 31, 95, 1070, 0, 0, 57.03%, 16, 0, 52, 45081.11, 36756594, 913
729, 31, 224, 1070, 0, 0, 57.03%, 16, 0, 52, 44047.81, 36982442, 913
734, 31, 385, 1070, 0, 0, 57.03%, 16, 0, 52, 43286.25, 37199199, 913
739, 31, 152, 1070, 0, 0, 57.03%, 16, 0, 52, 43052.00, 37417228, 913
744, 32, 329, 1070, 0, 0, 57.03%, 16, 0, 52, 45528.94, 37652095, 913
749, 32, 709, 1070, 0, 0, 57.03%, 16, 0, 52, 45081.43, 37879007, 913
754, 32, 2, 1070, 0, 0, 57.03%, 16, 0, 52, 43674.74, 38099785, 913
759, 32, 332, 1070, 0, 0, 57.03%, 16, 0, 52, 44690.85, 38326496, 913
764, 32, 339, 1070, 0, 0, 57.03%, 16, 0, 52, 45349.84, 38554142, 913
769, 33, 346, 1070, 0, 0, 57.03%, 16, 0, 52, 45053.68, 38779821, 913
774, 33, 116, 1070, 0, 0, 57.03%, 16, 0, 52, 43763.35, 38999035, 913
779, 33, 411, 1070, 0, 0, 57.03%, 16, 0, 52, 42956.68, 39215870, 913
784, 33, 476, 1070, 0, 0, 57.03%, 16, 0, 52, 45477.19, 39446263, 913
789, 33, 415, 1070, 0, 0, 57.03%, 16, 0, 52, 45009.42, 39674680, 913
795, 34, 445, 1070, 0, 0, 57.03%, 16, 0, 52, 44677.63, 39902748, 913
800, 34, 1059, 1070, 0, 0, 57.03%, 16, 0, 52, 43231.60, 40116465, 913
805, 34, 876, 1070, 0, 0, 57.03%, 16, 0, 52, 44329.76, 40339890, 913
810, 34, 74, 1070, 0, 0, 57.03%, 16, 0, 52, 44324.95, 40562670, 913
815, 34, 545, 1070, 0, 0, 57.03%, 16, 0, 52, 42403.16, 40780702, 913
820, 35, 709, 1070, 0, 0, 57.03%, 16, 0, 52, 41845.63, 40995069, 913
825, 35, 250, 1070, 0, 0, 57.03%, 16, 0, 52, 43749.76, 41219582, 913
830, 35, 392, 1070, 0, 0, 57.03%, 16, 0, 52, 43777.99, 41436387, 913
835, 35, 250, 1070, 0, 0, 57.03%, 16, 0, 52, 43546.65, 41655451, 913
840, 35, 327, 1070, 0, 0, 57.03%, 16, 0, 52, 44387.93, 41880361, 913
845, 36, 89, 1070, 0, 0, 57.03%, 16, 0, 52, 44916.98, 42108960, 913
850, 36, 408, 1070, 0, 0, 57.03%, 16, 0, 52, 44638.11, 42336467, 913
855, 36, 675, 1070, 0, 0, 57.03%, 16, 0, 52, 44769.21, 42566546, 913
860, 36, 199, 1070, 0, 0, 57.03%, 16, 0, 52, 43067.99, 42780714, 913
866, 36, 361, 1070, 0, 0, 57.03%, 16, 0, 52, 44285.49, 43012127, 913
871, 37, 398, 1070, 0, 0, 57.03%, 16, 0, 52, 44007.31, 43233715, 913
876, 37, 850, 1070, 0, 0, 57.03%, 16, 0, 52, 43640.74, 43455352, 913
881, 37, 677, 1070, 0, 0, 57.03%, 16, 0, 52, 44946.85, 43684228, 913
886, 37, 833, 1070, 0, 0, 57.03%, 16, 0, 52, 43539.01, 43903595, 913
891, 37, 905, 1070, 0, 0, 57.03%, 16, 0, 52, 45733.30, 44137356, 913
896, 37, 375, 1070, 0, 0, 57.03%, 16, 0, 52, 45034.52, 44364772, 913
901, 38, 544, 1070, 0, 0, 57.03%, 16, 0, 52, 44684.46, 44591233, 913
906, 38, 446, 1070, 0, 0, 57.03%, 16, 0, 52, 43863.59, 44814111, 913
911, 38, 638, 1070, 0, 0, 57.03%, 16, 0, 52, 43955.72, 45035967, 913
916, 38, 174, 1070, 0, 0, 57.03%, 16, 0, 52, 43170.76, 45255833, 913
921, 38, 537, 1070, 0, 0, 57.03%, 16, 0, 52, 44622.77, 45481935, 913
926, 39, 780, 1070, 0, 0, 57.03%, 16, 0, 52, 44594.54, 45710708, 913
932, 39, 364, 1070, 0, 0, 57.03%, 16, 0, 52, 44765.97, 45939992, 913
937, 39, 772, 1070, 0, 0, 57.03%, 16, 0, 52, 45394.38, 46167312, 913
942, 39, 279, 1070, 0, 0, 57.03%, 16, 0, 52, 43750.59, 46386644, 913
947, 39, 683, 1070, 0, 0, 57.03%, 16, 0, 52, 42167.73, 46599286, 913
952, 40, 310, 1070, 0, 0, 57.03%, 16, 0, 52, 42050.65, 46808322, 913
957, 40, 291, 1070, 0, 0, 57.03%, 16, 0, 52, 41725.77, 47020845, 913
962, 40, 258, 1070, 0, 0, 57.03%, 16, 0, 52, 42579.18, 47237520, 913
967, 40, 538, 1070, 0, 0, 57.03%, 16, 0, 52, 43151.93, 47460897, 913
972, 40, 631, 1070, 0, 0, 57.03%, 16, 0, 52, 44996.57, 47688147, 913
977, 41, 1046, 1070, 0, 0, 57.03%, 16, 0, 52, 43824.49, 47909403, 913
982, 41, 561, 1070, 0, 0, 57.03%, 16, 0, 52, 45048.00, 48139080, 913
987, 41, 628, 1070, 0, 0, 57.03%, 16, 0, 52, 44039.37, 48360911, 913
992, 41, 163, 1070, 0, 0, 57.03%, 16, 0, 52, 43150.77, 48577594, 913
997, 41, 95, 1070, 0, 0, 57.03%, 16, 0, 52, 44782.14, 48805687, 913
1002, 42, 944, 1070, 0, 0, 57.03%, 16, 0, 52, 44270.77, 49031733, 913
1007, 42, 660, 1070, 0, 0, 57.03%, 16, 0, 52, 45785.96, 49260430, 913
1012, 42, 158, 1070, 0, 0, 57.03%, 16, 0, 52, 43934.78, 49482813, 913
1018, 42, 224, 1070, 0, 0, 57.03%, 16, 0, 52, 38767.16, 49672750, 913
1023, 42, 205, 1070, 0, 0, 57.03%, 16, 0, 52, 39177.12, 49875707, 913
1028, 42, 416, 1070, 0, 0, 57.03%, 16, 0, 52, 40733.89, 50087131, 913
1033, 43, 756, 1070, 0, 0, 57.03%, 16, 0, 52, 41623.08, 50296096, 913
1038, 43, 291, 1070, 0, 0, 57.03%, 16, 0, 52, 40517.58, 50501140, 913
1043, 43, 198, 1070, 0, 0, 57.03%, 16, 0, 52, 41686.51, 50713033, 913
1048, 43, 408, 1070, 0, 0, 57.03%, 16, 0, 52, 41506.18, 50924061, 913
1053, 43, 700, 1070, 0, 0, 57.03%, 16, 0, 52, 40489.51, 51128352, 913
1058, 43, 279, 1070, 0, 0, 57.03%, 16, 0, 52, 40196.20, 51328095, 913
1063, 44, 327, 1070, 0, 0, 57.03%, 16, 0, 52, 41769.03, 51540835, 913
1068, 44, 660, 1070, 0, 0, 57.03%, 16, 0, 52, 39968.04, 51741937, 913
1073, 44, 715, 1070, 0, 0, 57.03%, 16, 0, 52, 40079.05, 51943978, 913
1078, 44, 813, 1070, 0, 0, 57.03%, 16, 0, 52, 39733.41, 52143350, 913
1084, 44, 388, 1070, 0, 0, 57.03%, 16, 0, 52, 40670.62, 52351043, 913
1089, 45, 553, 1070, 0, 0, 57.03%, 17, 0, 52, 41095.40, 52559702, 913
1094, 45, 321, 1070, 0, 0, 57.03%, 17, 0, 52, 39261.90, 52760961, 913
1099, 45, 871, 1070, 0, 0, 57.03%, 17, 0, 52, 39855.14, 52963072, 913
1104, 45, 393, 1070, 0, 0, 57.03%, 17, 0, 52, 39723.94, 53166606, 913
1109, 45, 244, 1070, 0, 0, 57.03%, 17, 0, 52, 41110.64, 53378268, 913
1114, 45, 619, 1070, 0, 0, 57.03%, 17, 0, 52, 39695.23, 53582382, 913
1119, 46, 616, 1070, 0, 0, 57.03%, 17, 0, 52, 40714.27, 53785861, 913
1124, 46, 868, 1070, 0, 0, 57.03%, 17, 0, 52, 41497.67, 53998823, 913
1129, 46, 1052, 1070, 0, 0, 57.03%, 17, 0, 52, 39799.31, 54202433, 913
1134, 46, 408, 1070, 0, 0, 57.03%, 17, 0, 52, 39386.81, 54402126, 913
1139, 46, 224, 1070, 0, 0, 57.03%, 17, 0, 52, 39446.70, 54606398, 913
1144, 46, 393, 1070, 0, 0, 57.03%, 17, 0, 52, 40622.05, 54814553, 913
1150, 47, 332, 1070, 0, 0, 57.03%, 17, 0, 52, 41187.03, 55024325, 913
1155, 47, 813, 1070, 0, 0, 57.03%, 17, 0, 52, 40949.41, 55231395, 913
1160, 47, 931, 1070, 0, 0, 57.03%, 17, 0, 52, 38373.20, 55426751, 913
1165, 47, 804, 1070, 0, 0, 57.03%, 17, 0, 52, 41279.11, 55636621, 913
1170, 47, 150, 1070, 0, 0, 57.03%, 17, 0, 52, 40064.66, 55839230, 913
1175, 48, 157, 1070, 0, 0, 57.03%, 17, 0, 52, 41442.62, 56052270, 913
1180, 48, 814, 1070, 0, 0, 57.03%, 17, 0, 52, 40706.18, 56253230, 913
1185, 48, 660, 1070, 0, 0, 57.03%, 17, 0, 52, 42020.66, 56464934, 913
1190, 48, 655, 1070, 0, 0, 57.03%, 17, 0, 52, 41724.86, 56676563, 913
1195, 48, 199, 1070, 0, 0, 57.03%, 17, 0, 52, 40067.94, 56877832, 913
1200, 49, 198, 1070, 0, 0, 57.03%, 17, 0, 52, 39968.13, 57081652, 913
1205, 49, 393, 1070, 0, 0, 57.03%, 17, 0, 52, 39612.30, 57284871, 913
1210, 49, 330, 1070, 0, 0, 57.03%, 17, 0, 52, 40961.25, 57494379, 913
1215, 49, 495, 1070, 0, 0, 57.03%, 17, 0, 52, 39625.79, 57692935, 913
1221, 49, 224, 1070, 0, 0, 57.03%, 17, 0, 52, 41374.70, 57902181, 913
1226, 49, 359, 1070, 0, 0, 57.03%, 17, 0, 52, 43068.42, 58117233, 913
1231, 50, 861, 1070, 0, 0, 57.03%, 17, 0, 52, 42349.61, 58330123, 913
1236, 50, 372, 1070, 0, 0, 57.03%, 17, 0, 52, 41259.96, 58537592, 913
1241, 50, 174, 1070, 0, 0, 57.03%, 17, 0, 52, 42228.57, 58751898, 913
1246, 50, 710, 1070, 0, 0, 57.03%, 17, 0, 52, 42901.87, 58970245, 913
1251, 50, 411, 1070, 0, 0, 57.03%, 17, 0, 52, 41251.24, 59176308, 913
1256, 50, 107, 1070, 0, 0, 57.03%, 17, 0, 52, 41317.65, 59383789, 913
1261, 51, 1031, 1070, 0, 0, 57.03%, 17, 0, 52, 40029.04, 59583056, 913
1266, 51, 113, 1070, 0, 0, 57.03%, 17, 0, 52, 40102.04, 59781126, 913
1271, 51, 579, 1070, 0, 0, 57.03%, 17, 0, 52, 42246.41, 59994494, 913
1276, 51, 95, 1070, 0, 0, 57.03%, 17, 0, 52, 41470.34, 60204175, 913
1281, 51, 279, 1070, 0, 0, 57.03%, 17, 0, 52, 41262.11, 60413582, 913
1286, 52, 279, 1070, 0, 0, 57.03%, 17, 0, 52, 41529.45, 60623249, 913
1291, 52, 679, 1070, 0, 0, 57.03%, 17, 0, 52, 41992.92, 60832169, 913
1296, 52, 438, 1070, 0, 0, 57.03%, 17, 0, 52, 40843.73, 61035780, 913
1301, 52, 356, 1070, 0, 0, 57.03%, 17, 0, 52, 42313.00, 61248261, 913
1307, 52, 416, 1070, 0, 0, 57.03%, 17, 0, 52, 41312.06, 61457960, 913
1312, 52, 346, 1070, 0, 0, 57.03%, 17, 0, 52, 42104.52, 61670310, 913
1317, 53, 482, 1070, 0, 0, 57.03%, 17, 0, 52, 41488.11, 61879813, 913
1322, 53, 612, 1070, 0, 0, 57.03%, 17, 0, 52, 41300.87, 62084123, 913
1327, 53, 250, 1070, 0, 0, 57.03%, 17, 0, 52, 40362.44, 62286988, 913
1332, 53, 162, 1070, 0, 0, 57.03%, 17, 0, 52, 41270.51, 62499264, 913
1337, 53, 321, 1070, 0, 0, 57.03%, 17, 0, 52, 41381.01, 62711116, 913
1342, 54, 908, 1070, 0, 0, 57.03%, 17, 0, 52, 39586.91, 62905771, 913
1347, 54, 1053, 1070, 0, 0, 57.03%, 17, 0, 52, 40899.57, 63115711, 913
1352, 54, 835, 1070, 0, 0, 57.03%, 17, 0, 52, 38073.15, 63310175, 913
1357, 54, 813, 1070, 0, 0, 57.03%, 17, 0, 52, 40296.17, 63516592, 913
1362, 54, 215, 1070, 0, 0, 57.03%, 17, 0, 52, 39674.97, 63713682, 913
1367, 54, 1022, 1070, 0, 0, 57.03%, 17, 0, 52, 39760.71, 63914768, 913
1372, 55, 677, 1070, 0, 0, 57.03%, 17, 0, 52, 38845.32, 64113168, 913
1377, 55, 327, 1070, 0, 0, 57.03%, 17, 0, 52, 40960.38, 64324460, 913
1383, 55, 945, 1070, 0, 0, 57.03%, 17, 0, 52, 37988.55, 64517065, 913
1388, 55, 330, 1070, 0, 0, 57.03%, 17, 0, 52, 40251.08, 64719123, 913
1393, 55, 626, 1070, 0, 0, 57.03%, 17, 0, 52, 39486.86, 64918245, 913
1398, 56, 63, 1070, 0, 0, 57.03%, 17, 0, 52, 40155.02, 65128806, 913
1403, 56, 584, 1070, 0, 0, 57.03%, 17, 0, 52, 41879.52, 65342585, 913
1408, 56, 702, 1070, 0, 0, 57.03%, 17, 0, 52, 40538.94, 65545871, 913
1413, 56, 169, 1070, 0, 0, 57.03%, 17, 0, 52, 40375.00, 65752925, 913
1418, 56, 423, 1070, 0, 0, 57.03%, 17, 0, 52, 40419.94, 65959141, 913
1423, 56, 392, 1070, 0, 0, 57.03%, 17, 0, 52, 40100.90, 66160531, 913
1428, 57, 360, 1070, 0, 0, 57.03%, 17, 0, 52, 41559.54, 66372677, 913
1433, 57, 425, 1070, 0, 0, 57.03%, 17, 0, 52, 40838.16, 66578721, 913
1438, 57, 987, 1070, 0, 0, 57.03%, 17, 0, 52, 41116.58, 66786829, 913
1443, 57, 859, 1070, 0, 0, 57.03%, 17, 0, 52, 41076.80, 66995741, 913
1449, 57, 280, 1072, 1, 0, 57.03%, 17, 0, 52, 42847.64, 67213325, 913
1454, 58, 638, 1073, 1, 0, 57.03%, 17, 0, 52, 43604.93, 67436490, 913
1459, 58, 1072, 1074, 2, 0, 57.03%, 17, 0, 52, 44472.18, 67661899, 913
1464, 58, 393, 1074, 0, 0, 57.03%, 17, 0, 52, 44612.01, 67886112, 913
1469, 58, 344, 1074, 0, 0, 57.03%, 17, 0, 52, 45035.35, 68114405, 913
1474, 58, 1073, 1074, 0, 0, 57.03%, 17, 0, 52, 45774.90, 68349698, 913
1479, 58, 344, 1074, 0, 0, 57.03%, 17, 0, 52, 42654.72, 68563492, 913
1484, 59, 685, 1074, 0, 0, 57.03%, 17, 0, 52, 43466.31, 68784682, 913
1489, 59, 33, 1074, 0, 0, 57.03%, 17, 0, 52, 43706.17, 69007060, 913
1494, 59, 95, 1074, 0, 0, 57.03%, 17, 0, 52, 43301.26, 69226978, 913
1499, 59, 986, 1074, 0, 0, 57.03%, 17, 0, 52, 44585.22, 69454244, 913
1504, 59, 321, 1074, 0, 0, 57.03%, 17, 0, 52, 44434.30, 69682959, 913
1509, 60, 140, 1074, 0, 0, 57.03%, 17, 0, 52, 45658.34, 69913706, 913
1515, 60, 64, 1074, 0, 0, 57.03%, 17, 0, 52, 43350.99, 70132234, 913
1520, 60, 345, 1074, 0, 0, 57.03%, 17, 0, 52, 44140.22, 70357267, 913
1525, 60, 496, 1074, 0, 0, 57.03%, 17, 0, 52, 45547.37, 70587021, 913
1530, 60, 383, 1074, 0, 0, 57.03%, 17, 0, 52, 43082.56, 70805738, 913
1535, 61, 387, 1074, 0, 0, 57.03%, 17, 0, 52, 44660.23, 71032047, 913
1540, 61, 167, 1074, 0, 0, 57.03%, 17, 0, 52, 44737.13, 71256607, 913
1545, 61, 223, 1074, 0, 0, 57.03%, 17, 0, 52, 44875.93, 71485238, 913
1550, 61, 941, 1074, 0, 0, 57.03%, 17, 0, 52, 43701.22, 71705038, 913
1555, 61, 988, 1075, 0, 0, 57.03%, 17, 0, 52, 27946.42, 71923980, 913
1560, 61, 1074, 1075, 0, 0, 57.03%, 17, 0, 52, 41179.73, 72149246, 913
1565, 62, 399, 1075, 0, 0, 57.03%, 17, 0, 52, 45016.66, 72380970, 913
1570, 62, 496, 1075, 0, 0, 57.03%, 17, 0, 52, 44978.65, 72611486, 913
1575, 62, 563, 1075, 0, 0, 57.03%, 17, 0, 52, 44048.49, 72834463, 913
1580, 62, 578, 1075, 0, 0, 57.03%, 17, 0, 52, 45420.47, 73065962, 913
1585, 62, 813, 1075, 0, 0, 57.03%, 17, 0, 52, 44700.23, 73290761, 913
1591, 63, 799, 1075, 0, 0, 57.03%, 17, 0, 52, 44688.02, 73518831, 913
1596, 63, 132, 1075, 0, 0, 57.03%, 17, 0, 52, 45517.83, 73748893, 913
1601, 63, 241, 1075, 0, 0, 57.03%, 17, 0, 52, 43416.98, 73970235, 913
1606, 63, 557, 1075, 0, 0, 57.03%, 17, 0, 52, 44418.43, 74195426, 913
1611, 63, 1055, 1075, 0, 0, 57.03%, 17, 0, 52, 44122.18, 74418542, 913
1616, 64, 411, 1075, 0, 0, 57.03%, 17, 0, 52, 42722.58, 74632204, 913
1621, 64, 388, 1075, 0, 0, 57.03%, 17, 0, 52, 45310.94, 74864557, 913
1626, 64, 225, 1075, 0, 0, 57.03%, 17, 0, 52, 44654.33, 75087195, 913
1631, 64, 794, 1075, 0, 0, 57.03%, 17, 0, 52, 44991.67, 75310872, 913
1636, 64, 658, 1075, 0, 0, 57.03%, 17, 0, 52, 44617.82, 75536913, 913
1641, 65, 134, 1075, 0, 0, 57.03%, 17, 0, 52, 44299.82, 75761465, 913
1646, 65, 393, 1075, 0, 0, 57.03%, 17, 0, 52, 44833.07, 75988023, 913
1651, 65, 1020, 1075, 0, 0, 57.03%, 17, 0, 52, 43986.17, 76213676, 913
1656, 65, 929, 1075, 0, 0, 57.03%, 17, 0, 52, 43030.23, 76434523, 913
1662, 65, 327, 1075, 0, 0, 57.03%, 17, 0, 52, 44900.42, 76667245, 913
1667, 66, 205, 1075, 0, 0, 57.03%, 17, 0, 52, 44802.89, 76896011, 913
1672, 66, 321, 1075, 0, 0, 57.03%, 17, 0, 52, 44380.81, 77120573, 913
1677, 66, 360, 1075, 0, 0, 57.03%, 17, 0, 52, 43425.07, 77339480, 913
1682, 66, 450, 1075, 0, 0, 57.03%, 17, 0, 52, 44257.61, 77568980, 913
1687, 66, 322, 1075, 0, 0, 57.03%, 17, 0, 52, 44606.04, 77797839, 913
1692, 66, 718, 1075, 0, 0, 57.03%, 17, 0, 52, 43699.49, 78016465, 913
1697, 67, 327, 1075, 0, 0, 57.03%, 17, 0, 52, 44670.55, 78242949, 913
1702, 67, 393, 1076, 1, 0, 57.03%, 17, 0, 52, 44873.18, 78470791, 913
1707, 67, 332, 1076, 1, 0, 57.03%, 17, 0, 52, 43236.54, 78688704, 913
1712, 67, 199, 1076, 0, 0, 57.03%, 17, 0, 52, 43863.06, 78912857, 913
1717, 67, 408, 1076, 0, 0, 57.03%, 17, 0, 52, 45356.00, 79145783, 913
1722, 68, 849, 1076, 0, 0, 57.03%, 17, 0, 52, 43669.82, 79362706, 913
1728, 68, 360, 1076, 0, 0, 57.03%, 17, 0, 52, 45132.42, 79590791, 913
1733, 68, 296, 1076, 0, 0, 57.03%, 17, 0, 52, 43814.49, 79811332, 913
1738, 68, 398, 1076, 0, 0, 57.03%, 17, 0, 52, 39656.15, 80010160, 913
1743, 68, 171, 1076, 0, 0, 57.03%, 17, 0, 52, 41030.71, 80219057, 913
1748, 68, 551, 1077, 0, 0, 57.03%, 17, 0, 52, 42618.36, 80440604, 913
1753, 69, 610, 1077, 0, 0, 57.03%, 17, 0, 52, 43268.69, 80661439, 913
1758, 69, 84, 1077, 0, 0, 57.03%, 17, 0, 52, 43519.55, 80885087, 913
1763, 69, 774, 1077, 0, 0, 57.03%, 17, 0, 52, 43644.44, 81108440, 913
1768, 69, 698, 1077, 0, 0, 57.03%, 17, 0, 52, 44285.26, 81333571, 913
1773, 69, 174, 1077, 0, 0, 57.03%, 17, 0, 52, 44120.67, 81555965, 913
1778, 70, 248, 1077, 0, 0, 57.03%, 17, 0, 52, 41408.05, 81766188, 913
1783, 70, 733, 1077, 0, 0, 57.03%, 17, 0, 52, 42765.12, 81985765, 913
1788, 70, 813, 1077, 0, 0, 57.03%, 17, 0, 52, 44063.74, 82211253, 913
1794, 70, 315, 1077, 0, 0, 57.03%, 17, 0, 52, 45158.36, 82438615, 913
1799, 70, 543, 1077, 0, 0, 57.03%, 17, 0, 52, 43156.23, 82657941, 913
1804, 71, 487, 1077, 0, 0, 57.03%, 17, 0, 52, 45295.40, 82885270, 913
1809, 71, 360, 1077, 0, 0, 57.03%, 17, 0, 52, 44603.01, 83107691, 913
1814, 71, 754, 1077, 0, 0, 57.03%, 17, 0, 52, 43755.28, 83329534, 913
1819, 71, 684, 1077, 0, 0, 57.03%, 17, 0, 52, 43920.56, 83554169, 913
1824, 71, 506, 1077, 0, 0, 57.03%, 17, 0, 52, 45495.12, 83785054, 913
1829, 72, 1075, 1077, 0, 0, 57.03%, 17, 0, 52, 44717.60, 84009070, 913
1834, 72, 557, 1077, 0, 0, 57.03%, 17, 0, 52, 45144.30, 84238447, 913
1839, 72, 709, 1077, 0, 0, 57.03%, 17, 0, 52, 45149.13, 84471439, 913
1844, 72, 315, 1077, 0, 0, 57.03%, 17, 0, 52, 42220.00, 84685742, 913
1849, 72, 660, 1077, 0, 0, 57.03%, 17, 0, 52, 44881.64, 84917797, 913
1854, 72, 235, 1077, 0, 0, 57.03%, 17, 0, 52, 45469.09, 85148793, 913
1859, 73, 390, 1077, 0, 0, 57.03%, 17, 0, 52, 45410.42, 85379124, 913
1865, 73, 467, 1077, 0, 0, 57.03%, 17, 0, 52, 44062.65, 85598626, 913
1870, 73, 296, 1077, 0, 0, 57.03%, 17, 0, 52, 44798.31, 85828138, 913
1875, 73, 510, 1077, 0, 0, 57.03%, 17, 0, 52, 45389.19, 86061332, 913
1880, 73, 163, 1077, 0, 0, 57.03%, 17, 0, 52, 45322.49, 86291469, 913
1885, 74, 441, 1077, 0, 0, 57.03%, 17, 0, 52, 46112.95, 86524644, 913
1890, 74, 344, 1077, 0, 0, 57.03%, 17, 0, 52, 44290.80, 86746976, 913
1895, 74, 660, 1077, 0, 0, 57.03%, 17, 0, 52, 43845.28, 86972131, 913
1900, 74, 415, 1077, 0, 0, 57.03%, 17, 0, 52, 43299.80, 87193204, 913
1905, 74, 205, 1077, 0, 0, 57.03%, 17, 0, 52, 42071.39, 87403708, 913
1910, 75, 166, 1077, 0, 0, 57.03%, 17, 0, 52, 42960.23, 87619321, 913
1915, 75, 240, 1077, 0, 0, 57.03%, 17, 0, 52, 45070.44, 87847420, 913
1920, 75, 540, 1077, 0, 0, 57.03%, 17, 0, 52, 44704.97, 88067752, 913
1925, 75, 392, 1077, 0, 0, 57.03%, 17, 0, 52, 44749.74, 88291532, 913
1930, 75, 876, 1077, 0, 0, 57.03%, 17, 0, 52, 43620.72, 88509408, 913
1936, 75, 731, 1077, 0, 0, 57.03%, 17, 0, 52, 44661.83, 88736785, 913
1941, 76, 643, 1077, 0, 0, 57.03%, 17, 0, 52, 43699.40, 88958185, 913
1946, 76, 386, 1077, 0, 0, 57.03%, 17, 0, 52, 45166.18, 89185333, 913
1951, 76, 660, 1077, 0, 0, 57.03%, 17, 0, 52, 45375.96, 89416353, 913
1956, 76, 1058, 1077, 0, 0, 57.03%, 17, 0, 52, 44106.33, 89636544, 913
1961, 76, 994, 1077, 0, 0, 57.03%, 17, 0, 52, 44658.20, 89861772, 913
1966, 77, 332, 1077, 0, 0, 57.03%, 17, 0, 52, 45294.23, 90089794, 913
1971, 77, 174, 1077, 0, 0, 57.03%, 17, 0, 52, 44430.86, 90311915, 913
1976, 77, 1076, 1077, 0, 0, 57.03%, 17, 0, 52, 43193.97, 90530242, 913
1981, 77, 346, 1077, 0, 0, 57.03%, 17, 0, 52, 45870.01, 90760804, 913
1986, 77, 97, 1077, 0, 0, 57.03%, 17, 0, 52, 44206.05, 90984876, 913
1991, 78, 616, 1077, 0, 0, 57.03%, 17, 0, 52, 45874.45, 91219490, 913
1996, 78, 824, 1077, 0, 0, 57.03%, 17, 0, 52, 43426.79, 91439316, 913
2001, 78, 660, 1077, 0, 0, 57.03%, 17, 0, 52, 42892.14, 91659567, 913
2007, 78, 289, 1077, 0, 0, 57.03%, 17, 0, 52, 43238.05, 91880710, 913
2012, 78, 687, 1077, 0, 0, 57.03%, 17, 0, 52, 44983.56, 92109274, 913
2017, 78, 408, 1077, 0, 0, 57.03%, 17, 0, 52, 44586.20, 92331322, 913
2022, 79, 892, 1077, 0, 0, 57.03%, 17, 0, 52, 42917.15, 92551579, 913
2027, 79, 434, 1077, 0, 0, 57.03%, 17, 0, 52, 44891.24, 92785817, 913
2032, 79, 821, 1077, 0, 0, 57.03%, 17, 0, 52, 42961.94, 93000228, 913
2037, 79, 359, 1078, 1, 0, 57.03%, 17, 0, 52, 43146.79, 93222909, 913
2042, 79, 171, 1078, 0, 0, 57.03%, 17, 0, 52, 43077.86, 93443887, 913
2047, 80, 642, 1078, 0, 0, 57.03%, 17, 0, 52, 43824.44, 93664687, 913
2052, 80, 830, 1078, 0, 0, 57.03%, 17, 0, 52, 44638.22, 93889055, 913
2057, 80, 342, 1078, 0, 0, 57.03%, 17, 0, 52, 44018.03, 94109986, 913
2062, 80, 545, 1078, 0, 0, 57.03%, 17, 0, 52, 44664.10, 94335732, 913
2067, 80, 1073, 1078, 0, 0, 57.03%, 17, 0, 52, 46023.48, 94571159, 913
2072, 81, 408, 1078, 0, 0, 57.03%, 17, 0, 52, 44723.07, 94791519, 913
2078, 81, 1078, 1079, 1, 0, 57.03%, 17, 0, 52, 43526.61, 95018304, 913
2083, 81, 981, 1080, 0, 0, 57.03%, 17, 0, 52, 23333.99, 95219183, 913
2088, 81, 312, 1080, 0, 0, 57.03%, 17, 0, 52, 41281.80, 95446786, 913
2093, 81, 163, 1080, 0, 0, 57.03%, 17, 0, 52, 42889.89, 95667888, 913
2098, 81, 943, 1080, 0, 0, 57.03%, 17, 0, 52, 45219.33, 95900187, 913
2103, 82, 632, 1080, 0, 0, 57.03%, 17, 0, 52, 45525.80, 96133217, 913
2108, 82, 296, 1080, 0, 0, 57.03%, 17, 0, 52, 43421.96, 96354048, 913
2113, 82, 332, 1080, 0, 0, 57.03%, 17, 0, 52, 44414.78, 96578797, 913
2118, 82, 853, 1080, 0, 0, 57.03%, 18, 0, 52, 44836.36, 96806949, 913
2123, 82, 748, 1080, 0, 0, 57.03%, 18, 0, 52, 43680.75, 97029012, 913
2128, 83, 675, 1080, 0, 0, 57.03%, 18, 0, 52, 43250.65, 97246249, 913
2134, 83, 327, 1080, 0, 0, 57.03%, 18, 0, 52, 44284.86, 97472373, 913
2139, 83, 894, 1080, 0, 0, 57.03%, 18, 0, 52, 44805.05, 97700505, 913
2144, 83, 667, 1080, 0, 0, 57.03%, 18, 0, 52, 43304.73, 97920194, 913
2149, 83, 479, 1080, 0, 0, 57.03%, 18, 0, 52, 43559.47, 98142445, 913
2154, 84, 166, 1080, 0, 0, 57.03%, 18, 0, 52, 43839.57, 98364009, 913
2159, 84, 182, 1080, 0, 0, 57.03%, 18, 0, 52, 44778.00, 98592920, 913
2164, 84, 1027, 1080, 0, 0, 57.03%, 18, 0, 52, 43974.54, 98813832, 913
2169, 84, 495, 1080, 0, 0, 57.03%, 18, 0, 52, 45035.43, 99040001, 913
2174, 84, 94, 1080, 0, 0, 57.03%, 18, 0, 52, 44961.17, 99265221, 913
2179, 84, 360, 1080, 0, 0, 57.03%, 18, 0, 52, 43304.52, 99482370, 913
2184, 85, 547, 1080, 0, 0, 57.03%, 18, 0, 52, 44567.80, 99711401, 913
2189, 85, 759, 1080, 0, 0, 57.03%, 18, 0, 52, 44469.49, 99936286, 913
2194, 85, 1008, 1080, 0, 0, 57.03%, 18, 0, 52, 44874.70, 100164223, 913
2199, 85, 632, 1080, 0, 0, 57.03%, 18, 0, 52, 43386.70, 100381878, 913
2204, 85, 635, 1080, 0, 0, 57.03%, 18, 0, 52, 45508.30, 100611142, 913
2210, 86, 895, 1080, 0, 0, 57.03%, 18, 0, 52, 43977.26, 100833154, 913
2215, 86, 329, 1080, 0, 0, 57.03%, 18, 0, 52, 45182.58, 101063977, 913
2220, 86, 566, 1080, 0, 0, 57.03%, 18, 0, 52, 45701.32, 101296277, 913
2225, 86, 700, 1080, 0, 0, 57.03%, 18, 0, 52, 45727.75, 101530138, 913
2230, 86, 157, 1080, 0, 0, 57.03%, 18, 0, 52, 45431.70, 101758069, 913
2235, 87, 660, 1080, 0, 0, 57.03%, 18, 0, 52, 44697.27, 101984740, 913
2240, 87, 579, 1080, 0, 0, 57.03%, 18, 0, 52, 44844.55, 102210865, 913
2245, 87, 1078, 1080, 0, 0, 57.03%, 18, 0, 52, 46162.09, 102440457, 913
2250, 87, 584, 1080, 0, 0, 57.03%, 18, 0, 52, 44461.21, 102663693, 913
2255, 87, 389, 1080, 0, 0, 57.03%, 18, 0, 52, 44798.89, 102889347, 913
2260, 88, 393, 1080, 0, 0, 57.03%, 18, 0, 52, 43761.84, 103109878, 913
2265, 88, 315, 1080, 0, 0, 57.03%, 18, 0, 52, 43492.81, 103330536, 913
2270, 88, 955, 1080, 0, 0, 57.03%, 18, 0, 52, 44539.53, 103556647, 913
2275, 88, 330, 1080, 0, 0, 57.03%, 18, 0, 52, 43606.34, 103780421, 913
2280, 88, 616, 1080, 0, 0, 57.03%, 18, 0, 52, 44781.82, 104007387, 913
2286, 88, 332, 1080, 0, 0, 57.03%, 18, 0, 52, 43735.67, 104227278, 913
2291, 89, 495, 1080, 0, 0, 57.03%, 18, 0, 52, 45517.01, 104459371, 913
2296, 89, 327, 1080, 0, 0, 57.03%, 18, 0, 52, 43789.30, 104677248, 913
2301, 89, 547, 1080, 0, 0, 57.03%, 18, 0, 52, 44340.96, 104905777, 913
2306, 89, 168, 1080, 0, 0, 57.03%, 18, 0, 52, 45268.70, 105134286, 913
2311, 89, 730, 1080, 0, 0, 57.03%, 18, 0, 52, 42868.08, 105347752, 913
2316, 90, 638, 1080, 0, 0, 57.03%, 18, 0, 52, 44849.96, 105578413, 913
2321, 90, 951, 1080, 0, 0, 57.03%, 18, 0, 52, 44855.17, 105804559, 913
2326, 90, 218, 1080, 0, 0, 57.03%, 18, 0, 52, 43521.58, 106026819, 913
2331, 90, 1007, 1080, 0, 0, 57.03%, 18, 0, 52, 43293.76, 106246382, 913
2336, 90, 660, 1080, 0, 0, 57.03%, 18, 0, 52, 43200.65, 106466628, 913
2341, 91, 321, 1080, 0, 0, 57.03%, 18, 0, 52, 45251.91, 106695925, 913
2346, 91, 660, 1080, 0, 0, 57.03%, 18, 0, 52, 43176.91, 106914144, 913
2351, 91, 790, 1080, 0, 0, 57.03%, 18, 0, 52, 43764.09, 107135650, 913
2357, 91, 738, 1080, 0, 0, 57.03%, 18, 0, 52, 44170.83, 107359502, 913
2362, 91, 279, 1080, 0, 0, 57.03%, 18, 0, 52, 45703.30, 107589090, 913
2367, 91, 565, 1080, 0, 0, 57.03%, 18, 0, 52, 43199.89, 107807831, 913
2372, 92, 816, 1080, 0, 0, 57.03%, 18, 0, 52, 43918.91, 108028412, 913
2377, 92, 398, 1080, 0, 0, 57.03%, 18, 0, 52, 43360.33, 108247813, 913
2382, 92, 157, 1080, 0, 0, 57.03%, 18, 0, 52, 42670.53, 108462615, 913
2387, 92, 405, 1080, 0, 0, 57.03%, 18, 0, 52, 43658.07, 108683670, 913
2392, 92, 631, 1080, 0, 0, 57.03%, 18, 0, 52, 43108.43, 108902342, 913
2397, 93, 359, 1080, 0, 0, 57.03%, 18, 0, 52, 44504.32, 109128338, 913
2402, 93, 934, 1080, 0, 0, 57.03%, 18, 0, 52, 43570.06, 109349653, 913
2407, 93, 366, 1080, 0, 0, 57.03%, 18, 0, 52, 44111.87, 109575967, 913
2412, 93, 713, 1080, 0, 0, 57.03%, 18, 0, 52, 43414.33, 109797894, 913
2417, 93, 722, 1080, 0, 0, 57.03%, 18, 0, 52, 43469.78, 110020342, 913
2422, 94, 527, 1080, 0, 0, 57.03%, 18, 0, 52, 44621.50, 110244808, 913
2427, 94, 994, 1080, 0, 0, 57.03%, 18, 0, 52, 43452.61, 110468627, 913
2433, 94, 709, 1080, 0, 0, 57.03%, 18, 0, 52, 42321.87, 110687127, 913
2438, 94, 832, 1080, 0, 0, 57.03%, 18, 0, 52, 44228.76, 110912566, 913
2443, 94, 147, 1080, 0, 0, 57.03%, 18, 0, 52, 44773.43, 111140585, 913
2448, 95, 836, 1080, 0, 0, 57.03%, 18, 0, 52, 45026.05, 111366501, 913
2453, 95, 521, 1080, 0, 0, 57.03%, 18, 0, 52, 44584.98, 111589786, 913
2458, 95, 616, 1080, 0, 0, 57.03%, 18, 0, 52, 45927.96, 111820398, 913
2463, 95, 98, 1080, 0, 0, 57.03%, 18, 0, 52, 44323.37, 112039356, 913
2468, 95, 1014, 1080, 0, 0, 57.03%, 18, 0, 52, 43772.70, 112263521, 913
2473, 95, 887, 1080, 0, 0, 57.03%, 18, 0, 52, 45316.76, 112492570, 913
2478, 96, 495, 1080, 0, 0, 57.03%, 18, 0, 52, 44808.78, 112720896, 913
2483, 96, 393, 1080, 0, 0, 57.03%, 18, 0, 52, 45600.33, 112949104, 913
2488, 96, 416, 1080, 0, 0, 57.03%, 18, 0, 52, 44214.60, 113169027, 913
2493, 96, 237, 1080, 0, 0, 57.03%, 18, 0, 52, 45063.72, 113396366, 913
2498, 96, 348, 1080, 0, 0, 57.03%, 18, 0, 52, 43959.35, 113620356, 913
2503, 97, 495, 1080, 0, 0, 57.03%, 18, 0, 52, 44591.55, 113846544, 913
2509, 97, 405, 1080, 0, 0, 57.03%, 18, 0, 52, 44051.03, 114069381, 913
2514, 97, 653, 1080, 0, 0, 57.03%, 18, 0, 52, 43670.03, 114286927, 913
2519, 97, 393, 1080, 0, 0, 57.03%, 18, 0, 52, 43967.24, 114510611, 913
2524, 97, 321, 1080, 0, 0, 57.03%, 18, 0, 52, 42232.61, 114725182, 913
2529, 97, 346, 1080, 0, 0, 57.03%, 18, 0, 52, 43449.36, 114949003, 913
2534, 98, 411, 1080, 0, 0, 57.03%, 18, 0, 52, 45260.32, 115179908, 913
2539, 98, 616, 1080, 0, 0, 57.03%, 18, 0, 52, 44058.99, 115405879, 913
2544, 98, 880, 1080, 0, 0, 57.03%, 18, 0, 52, 44551.08, 115633158, 913
2549, 98, 158, 1080, 0, 0, 57.03%, 18, 0, 52, 42309.20, 115847282, 913
2554, 98, 312, 1080, 0, 0, 57.03%, 18, 0, 52, 43672.58, 116069843, 913
2559, 99, 393, 1080, 0, 0, 57.03%, 18, 0, 52, 44943.57, 116295410, 913
2564, 99, 814, 1080, 0, 0, 57.03%, 18, 0, 52, 44678.29, 116520362, 913
2569, 99, 545, 1080, 0, 0, 57.03%, 18, 0, 52, 43941.11, 116743668, 913
2574, 99, 527, 1080, 0, 0, 57.03%, 18, 0, 52, 45518.33, 116973120, 913
2579, 99, 660, 1080, 0, 0, 57.03%, 18, 0, 52, 45910.50, 117207313, 913
2584, 100, 544, 1080, 0, 0, 57.03%, 18, 0, 52, 44985.43, 117430880, 913
2590, 100, 903, 1080, 0, 0, 57.03%, 18, 0, 52, 44862.81, 117659910, 913
2595, 100, 168, 1080, 0, 0, 57.03%, 18, 0, 52, 44568.21, 117884609, 913
2600, 100, 332, 1080, 0, 0, 57.03%, 18, 0, 52, 43790.03, 118109381, 913
2605, 100, 545, 1080, 0, 0, 57.03%, 18, 0, 52, 43779.16, 118331997, 913
2610, 100, 813, 1080, 0, 0, 57.03%, 18, 0, 52, 44262.65, 118562905, 913
2615, 101, 952, 1080, 0, 0, 57.03%, 18, 0, 52, 43771.34, 118787084, 913
2620, 101, 1042, 1080, 0, 0, 57.03%, 18, 0, 52, 43497.88, 119008085, 913
2625, 101, 527, 1080, 0, 0, 57.03%, 18, 0, 52, 45241.96, 119237622, 913
2630, 101, 709, 1080, 0, 0, 57.03%, 18, 0, 52, 45284.04, 119470405, 913
2635, 101, 411, 1080, 0, 0, 57.03%, 18, 0, 52, 44943.82, 119698215, 913
2640, 102, 793, 1080, 0, 0, 57.03%, 18, 0, 52, 42641.16, 119910269, 913
2645, 102, 360, 1080, 0, 0, 57.03%, 18, 0, 52, 43411.81, 120133433, 913
2650, 102, 348, 1080, 0, 0, 57.03%, 18, 0, 52, 44498.59, 120357727, 913
2655, 102, 709, 1080, 0, 0, 57.03%, 18, 0, 52, 42198.53, 120568730, 913
2660, 102, 937, 1080, 0, 0, 57.03%, 18, 0, 52, 45456.17, 120801094, 913
2666, 103, 390, 1080, 0, 0, 57.03%, 18, 0, 52, 43091.93, 121018835, 913
2671, 103, 661, 1080, 0, 0, 57.03%, 18, 0, 52, 43713.38, 121242191, 913
2676, 103, 788, 1080, 0, 0, 57.03%, 18, 0, 52, 43665.00, 121465037, 913
2681, 103, 211, 1080, 0, 0, 57.03%, 18, 0, 52, 43547.40, 121684804, 913
2686, 103, 358, 1080, 0, 0, 57.03%, 18, 0, 52, 42754.35, 121904476, 913
2691, 103, 174, 1080, 0, 0, 57.03%, 18, 0, 52, 45245.91, 122133153, 913
2696, 104, 538, 1080, 0, 0, 57.03%, 18, 0, 52, 44384.16, 122355732, 913
2701, 104, 562, 1080, 0, 0, 57.03%, 18, 0, 52, 43960.41, 122583077, 913
2706, 104, 736, 1080, 0, 0, 57.03%, 18, 0, 52, 45903.78, 122816097, 913
2711, 104, 134, 1080, 0, 0, 57.03%, 18, 0, 52, 45403.08, 123044129, 913
2716, 104, 219, 1080, 0, 0, 57.03%, 18, 0, 52, 44269.65, 123264180, 913
2721, 105, 538, 1080, 0, 0, 57.03%, 18, 0, 52, 44338.89, 123492682, 913
2726, 105, 385, 1080, 0, 0, 57.03%, 18, 0, 52, 44062.97, 123714701, 913
2732, 105, 549, 1080, 0, 0, 57.03%, 18, 0, 52, 45146.60, 123948182, 913
2737, 105, 385, 1080, 0, 0, 57.03%, 18, 0, 52, 45107.18, 124177581, 913
2742, 105, 388, 1080, 0, 0, 57.03%, 18, 0, 52, 45387.85, 124404871, 913
2747, 106, 346, 1080, 0, 0, 57.03%, 18, 0, 52, 44316.56, 124625161, 913
2752, 106, 660, 1080, 0, 0, 57.03%, 18, 0, 52, 43521.54, 124846648, 913
2757, 106, 344, 1080, 0, 0, 57.03%, 18, 0, 52, 43246.57, 125068050, 913
2762, 106, 1019, 1080, 0, 0, 57.03%, 18, 0, 52, 45326.99, 125299824, 913
2767, 106, 303, 1080, 0, 0, 57.03%, 18, 0, 52, 44734.98, 125527861, 913
2772, 106, 375, 1080, 0, 0, 57.03%, 18, 0, 52, 44256.06, 125752834, 913
2777, 107, 373, 1081, 1, 0, 57.03%, 18, 0, 52, 44982.13, 125982494, 913
2782, 107, 484, 1081, 0, 0, 57.03%, 18, 0, 52, 41739.77, 126155076, 913
2787, 107, 686, 1081, 0, 0, 57.03%, 18, 0, 52, 44973.97, 126383709, 913
2792, 107, 418, 1081, 0, 0, 57.03%, 18, 0, 52, 43652.33, 126602275, 913
2797, 107, 321, 1081, 0, 0, 57.03%, 18, 0, 52, 45120.35, 126833532, 913
2803, 108, 890, 1081, 0, 0, 57.03%, 18, 0, 52, 45046.16, 127060593, 913
2808, 108, 547, 1081, 0, 0, 57.03%, 18, 0, 52, 45039.63, 127291142, 913
2813, 108, 357, 1081, 0, 0, 57.03%, 18, 0, 52, 43099.03, 127509423, 913
2818, 108, 545, 1081, 0, 0, 57.03%, 18, 0, 52, 44281.01, 127736117, 913
2823, 108, 859, 1081, 0, 0, 57.03%, 18, 0, 52, 44735.89, 127961938, 913
2828, 109, 687, 1081, 0, 0, 57.03%, 18, 0, 52, 42866.54, 128174353, 913
2833, 109, 164, 1081, 0, 0, 57.03%, 18, 0, 52, 44070.61, 128398335, 913
2838, 109, 723, 1081, 0, 0, 57.03%, 18, 0, 52, 44324.21, 128622205, 913
2843, 109, 388, 1081, 0, 0, 57.03%, 18, 0, 52, 45081.57, 128851165, 913
2848, 109, 814, 1081, 0, 0, 57.03%, 18, 0, 52, 43115.22, 129070528, 913
2853, 109, 95, 1081, 0, 0, 57.03%, 18, 0, 52, 43748.82, 129293027, 913
2858, 110, 546, 1081, 0, 0, 57.03%, 18, 0, 52, 43910.34, 129513893, 913
2863, 110, 634, 1081, 0, 0, 57.03%, 18, 0, 52, 44078.79, 129734859, 913
2868, 110, 884, 1081, 0, 0, 57.03%, 18, 0, 52, 44745.08, 129965059, 913
2873, 110, 992, 1081, 0, 0, 57.03%, 18, 0, 52, 43345.99, 130185608, 913
2878, 110, 745, 1081, 0, 0, 57.03%, 18, 0, 52, 42851.19, 130404024, 913
2883, 111, 171, 1081, 0, 0, 57.03%, 18, 0, 52, 43552.95, 130625795, 913
2889, 111, 618, 1081, 0, 0, 57.03%, 18, 0, 52, 44069.99, 130847873, 913
2894, 111, 816, 1081, 0, 0, 57.03%, 18, 0, 52, 44467.86, 131073511, 913
2899, 111, 996, 1081, 0, 0, 57.03%, 18, 0, 52, 45205.09, 131304904, 913
2904, 111, 349, 1081, 0, 0, 57.03%, 18, 0, 52, 44089.76, 131527197, 913
2909, 111, 896, 1081, 0, 0, 57.03%, 18, 0, 52, 44609.78, 131752811, 913
2914, 112, 525, 1081, 0, 0, 57.03%, 18, 0, 52, 44519.23, 131976921, 913
2919, 112, 37, 1081, 0, 0, 57.03%, 18, 0, 52, 43839.55, 132197274, 913
2924, 112, 408, 1082, 1, 0, 57.03%, 18, 0, 52, 43900.26, 132419814, 913
2929, 112, 174, 1082, 0, 0, 57.03%, 18, 0, 52, 41058.79, 132617475, 913
2934, 112, 734, 1082, 0, 0, 57.03%, 18, 0, 52, 43245.25, 132842233, 913
2939, 113, 709, 1082, 0, 0, 57.03%, 18, 0, 52, 43021.95, 133060046, 913
2944, 113, 568, 1082, 0, 0, 57.03%, 18, 0, 52, 43893.32, 133281260, 913
2949, 113, 538, 1082, 0, 0, 57.03%, 18, 0, 52, 42968.56, 133497596, 913
2955, 113, 171, 1082, 0, 0, 57.03%, 18, 0, 52, 43626.12, 133715499, 913
2960, 113, 748, 1082, 0, 0, 57.03%, 18, 0, 52, 45437.12, 133944768, 913
2965, 113, 715, 1082, 0, 0, 57.03%, 18, 0, 52, 45899.54, 134174148, 913
2970, 114, 415, 1082, 0, 0, 57.03%, 18, 0, 52, 44236.86, 134398224, 913
2975, 114, 405, 1082, 0, 0, 57.03%, 18, 0, 52, 44263.47, 134622555, 913
2980, 114, 481, 1082, 0, 0, 57.03%, 18, 0, 52, 43450.20, 134842885, 913
2985, 114, 1054, 1082, 0, 0, 57.03%, 18, 0, 52, 44702.99, 135069046, 913
2990, 114, 198, 1082, 0, 0, 57.03%, 18, 0, 52, 44349.61, 135293082, 913
2995, 115, 415, 1082, 0, 0, 57.03%, 18, 0, 52, 43961.32, 135513420, 913
3000, 115, 972, 1082, 0, 0, 57.03%, 18, 0, 52, 40829.02, 135720013, 913
3005, 115, 166, 1082, 0, 0, 57.03%, 18, 0, 52, 44052.53, 135946497, 913
3010, 115, 330, 1082, 0, 0, 57.03%, 18, 0, 52, 43299.30, 136163510, 913
3015, 115, 405, 1082, 0, 0, 57.03%, 18, 0, 52, 44431.87, 136389119, 913
3020, 116, 819, 1082, 0, 0, 57.03%, 18, 0, 52, 42472.74, 136600809, 913
3025, 116, 918, 1082, 0, 0, 57.03%, 18, 0, 52, 43720.31, 136822920, 913
3030, 116, 693, 1082, 0, 0, 57.03%, 18, 0, 52, 43613.23, 137044557, 913
3036, 116, 848, 1082, 0, 0, 57.03%, 18, 0, 52, 44620.39, 137273950, 913
3041, 116, 197, 1082, 0, 0, 57.03%, 18, 0, 52, 44793.41, 137501283, 913
3046, 116, 1023, 1082, 0, 0, 57.03%, 18, 0, 52, 44635.90, 137727991, 913
3051, 117, 393, 1082, 0, 0, 57.03%, 18, 0, 52, 44720.10, 137956309, 913
3056, 117, 164, 1082, 0, 0, 57.03%, 18, 0, 52, 44803.15, 138180932, 913
3061, 117, 1061, 1082, 0, 0, 57.03%, 18, 0, 52, 43824.19, 138399290, 913
3066, 117, 360, 1082, 0, 0, 57.03%, 18, 0, 52, 43260.92, 138617045, 913
3071, 117, 385, 1082, 0, 0, 57.03%, 18, 0, 52, 44291.22, 138843677, 913
3076, 118, 405, 1082, 0, 0, 57.03%, 18, 0, 52, 44893.10, 139070682, 913
3081, 118, 495, 1082, 0, 0, 57.03%, 18, 0, 52, 42445.48, 139283503, 913
3086, 118, 812, 1082, 0, 0, 57.03%, 18, 0, 52, 44737.37, 139507927, 913
3091, 118, 169, 1082, 0, 0, 57.03%, 18, 0, 52, 43372.16, 139728719, 913
3096, 118, 248, 1082, 0, 0, 57.03%, 18, 0, 52, 44030.70, 139953847, 913
3101, 119, 152, 1082, 0, 0, 57.03%, 18, 0, 52, 43576.02, 140170045, 913
3107, 119, 650, 1082, 0, 0, 57.03%, 18, 0, 52, 43854.26, 140393233, 913
3112, 119, 1055, 1082, 0, 0, 57.03%, 18, 0, 52, 43279.48, 140612864, 913
3117, 119, 379, 1082, 0, 0, 57.03%, 18, 0, 52, 44087.15, 140834996, 913
3122, 119, 736, 1082, 0, 0, 57.03%, 18, 0, 52, 42895.73, 141052180, 913
3127, 119, 793, 1082, 0, 0, 57.03%, 18, 0, 52, 43920.61, 141277461, 913
3132, 120, 279, 1082, 0, 0, 57.03%, 18, 0, 52, 43824.19, 141500208, 913
3137, 120, 1035, 1082, 0, 0, 57.03%, 18, 0, 52, 42960.86, 141721418, 913
3142, 120, 553, 1082, 0, 0, 57.03%, 18, 0, 52, 43861.24, 141946053, 913
3147, 120, 765, 1082, 0, 0, 57.03%, 18, 0, 52, 43339.99, 142166490, 913
3152, 120, 129, 1082, 0, 0, 57.03%, 18, 0, 52, 44634.62, 142390472, 913
3157, 121, 74, 1082, 0, 0, 57.03%, 18, 0, 52, 45743.93, 142619141, 913
3162, 121, 1013, 1082, 0, 0, 57.03%, 18, 0, 52, 44251.04, 142840879, 913
3167, 121, 1079, 1082, 0, 0, 57.03%, 18, 0, 52, 43672.69, 143062664, 913
3172, 121, 215, 1082, 0, 0, 57.03%, 18, 0, 52, 44478.06, 143288617, 913
3178, 121, 484, 1083, 0, 0, 57.03%, 18, 0, 52, 41904.36, 143497349, 913
3183, 121, 760, 1083, 0, 0, 57.03%, 18, 0, 52, 43468.81, 143717552, 913
3188, 122, 704, 1083, 0, 0, 57.03%, 18, 0, 52, 45533.67, 143948726, 913
3193, 122, 552, 1083, 0, 0, 57.03%, 18, 0, 52, 44989.57, 144174850, 913
3198, 122, 701, 1083, 0, 0, 57.03%, 18, 0, 52, 45066.30, 144402405, 913
3203, 122, 785, 1083, 0, 0, 57.03%, 18, 0, 52, 43079.41, 144615636, 913
3208, 122, 315, 1083, 0, 0, 57.03%, 18, 0, 52, 40897.42, 144818518, 913
3213, 122, 1073, 1083, 0, 0, 57.03%, 18, 0, 52, 44812.69, 145047789, 913
3218, 123, 905, 1083, 0, 0, 57.03%, 18, 0, 52, 44971.01, 145276239, 913
3223, 123, 616, 1083, 0, 0, 57.03%, 18, 0, 52, 45642.78, 145507191, 913
3228, 123, 816, 1083, 0, 0, 57.03%, 18, 0, 52, 42809.20, 145721926, 913
3233, 123, 894, 1083, 0, 0, 57.03%, 18, 0, 52, 43413.42, 145942318, 913
3239, 123, 360, 1083, 0, 0, 57.03%, 18, 0, 52, 42051.68, 146151683, 913
3244, 124, 408, 1083, 0, 0, 57.03%, 18, 0, 52, 43829.47, 146375158, 913
3249, 124, 199, 1083, 0, 0, 57.03%, 18, 0, 52, 45270.63, 146598023, 913
3254, 124, 919, 1083, 0, 0, 57.03%, 18, 0, 52, 44795.13, 146827107, 913
3259, 124, 213, 1083, 0, 0, 57.03%, 18, 0, 52, 44014.04, 147049098, 913
3264, 124, 199, 1083, 0, 0, 57.03%, 18, 0, 52, 42755.67, 147268668, 913
3269, 125, 1066, 1083, 0, 0, 57.03%, 18, 0, 52, 44209.56, 147496222, 913
3274, 125, 616, 1083, 0, 0, 57.03%, 18, 0, 52, 44110.10, 147722719, 913
3279, 125, 398, 1083, 0, 0, 57.03%, 18, 0, 52, 45799.36, 147956499, 913
3284, 125, 224, 1083, 0, 0, 57.03%, 18, 0, 52, 43821.94, 148177340, 913
3289, 125, 595, 1083, 0, 0, 57.03%, 18, 0, 52, 42317.72, 148392782, 913
3294, 125, 952, 1083, 0, 0, 57.03%, 18, 0, 52, 41914.03, 148606335, 913
3299, 126, 709, 1083, 0, 0, 57.03%, 18, 0, 52, 43445.93, 148825913, 913
3304, 126, 910, 1083, 0, 0, 57.03%, 18, 0, 52, 45522.39, 149056513, 913
3309, 126, 714, 1083, 0, 0, 57.03%, 18, 0, 52, 45939.20, 149288146, 913
3315, 126, 545, 1083, 0, 0, 57.03%, 18, 0, 52, 43831.05, 149507559, 913
3320, 126, 600, 1083, 0, 0, 57.03%, 18, 0, 52, 42724.92, 149722883, 913
3325, 127, 224, 1083, 0, 0, 57.03%, 18, 0, 52, 43211.55, 149951986, 913
3330, 127, 1043, 1083, 0, 0, 57.03%, 18, 0, 52, 44463.98, 150180423, 913
3335, 127, 346, 1083, 0, 0, 57.03%, 18, 0, 52, 43887.24, 150405584, 913
3340, 127, 332, 1083, 0, 0, 57.03%, 18, 0, 52, 42621.54, 150624400, 913
3345, 127, 327, 1083, 0, 0, 57.03%, 18, 0, 52, 43543.33, 150845662, 913
3350, 127, 375, 1083, 0, 0, 57.03%, 18, 0, 52, 44934.09, 151074879, 913
3355, 128, 408, 1083, 0, 0, 57.03%, 18, 0, 52, 45035.18, 151298782, 913
3360, 128, 836, 1083, 0, 0, 57.03%, 18, 0, 52, 44353.92, 151523069, 913
3365, 128, 564, 1083, 0, 0, 57.03%, 18, 0, 52, 44188.10, 151745754, 913
3370, 128, 600, 1083, 0, 0, 57.03%, 18, 0, 52, 44434.81, 151970833, 913
3375, 128, 296, 1083, 0, 0, 57.03%, 18, 0, 52, 43839.78, 152193497, 913
3380, 129, 610, 1083, 0, 0, 57.03%, 18, 0, 52, 43374.40, 152414073, 913
3385, 129, 690, 1083, 0, 0, 57.03%, 18, 0, 52, 42821.90, 152630923, 913
3391, 129, 756, 1083, 0, 0, 57.03%, 18, 0, 52, 44235.51, 152859510, 913
3396, 129, 140, 1083, 0, 0, 57.03%, 18, 0, 52, 42340.55, 153072696, 913
3401, 129, 787, 1083, 0, 0, 57.03%, 18, 0, 52, 44075.93, 153298886, 913
3406, 129, 356, 1083, 0, 0, 57.03%, 18, 0, 52, 44008.82, 153522217, 913
3411, 130, 388, 1083, 0, 0, 57.03%, 18, 0, 52, 44532.12, 153751562, 913
3416, 130, 616, 1083, 0, 0, 57.03%, 18, 0, 52, 43517.04, 153971773, 913
3421, 130, 971, 1083, 0, 0, 57.03%, 18, 0, 52, 43698.92, 154193418, 913
3426, 130, 829, 1083, 0, 0, 57.03%, 18, 0, 52, 43560.08, 154414377, 913
3431, 130, 225, 1083, 0, 0, 57.03%, 18, 0, 52, 44581.27, 154640968, 913
3436, 131, 657, 1083, 0, 0, 57.03%, 18, 0, 52, 45093.59, 154868930, 913
3441, 131, 1076, 1083, 0, 0, 57.03%, 18, 0, 52, 43947.12, 155092452, 913
3446, 131, 158, 1083, 0, 0, 57.03%, 18, 0, 52, 45359.27, 155325636, 913
3451, 131, 168, 1083, 0, 0, 57.03%, 18, 0, 52, 44101.03, 155548275, 913
3456, 131, 398, 1083, 0, 0, 57.03%, 18, 0, 52, 43149.65, 155765944, 913
3462, 131, 250, 1083, 0, 0, 57.03%, 18, 0, 52, 44331.03, 155989674, 913
3467, 132, 174, 1083, 0, 0, 57.03%, 18, 0, 52, 43815.86, 156209691, 913
3472, 132, 405, 1083, 0, 0, 57.03%, 18, 0, 52, 44654.06, 156434756, 913
3477, 132, 327, 1083, 0, 0, 57.03%, 18, 0, 52, 44570.37, 156658083, 913
3482, 132, 584, 1083, 0, 0, 57.03%, 18, 0, 52, 42311.30, 156869831, 913
3487, 132, 814, 1083, 0, 0, 57.03%, 18, 0, 52, 42965.77, 157088298, 913
3492, 133, 452, 1083, 0, 0, 57.03%, 18, 0, 52, 44006.93, 157311408, 913
3497, 133, 322, 1083, 0, 0, 57.03%, 18, 0, 52, 43741.30, 157532487, 913
3502, 133, 154, 1083, 0, 0, 57.03%, 18, 0, 52, 44810.51, 157758395, 913
3507, 133, 157, 1083, 0, 0, 57.03%, 18, 0, 52, 43637.25, 157978242, 913
3512, 133, 660, 1083, 0, 0, 57.03%, 18, 0, 52, 42864.74, 158195159, 913
3517, 133, 1083, 1085, 0, 0, 57.03%, 18, 0, 52, 44574.51, 158425337, 913
3522, 134, 174, 1085, 0, 0, 57.03%, 18, 0, 52, 44866.03, 158651213, 913
3527, 134, 660, 1085, 0, 0, 57.03%, 18, 0, 52, 45611.47, 158882718, 913
3532, 134, 465, 1085, 0, 0, 57.03%, 18, 0, 52, 42458.93, 159101535, 913
3537, 134, 411, 1085, 0, 0, 57.03%, 18, 0, 52, 42737.25, 159321178, 913
3543, 134, 766, 1085, 0, 0, 57.03%, 18, 0, 52, 44710.11, 159549582, 913
3548, 135, 504, 1085, 0, 0, 57.03%, 18, 0, 52, 44744.96, 159773742, 913
3553, 135, 1016, 1085, 0, 0, 57.03%, 18, 0, 52, 44089.04, 160000362, 913
3558, 135, 683, 1085, 0, 0, 57.03%, 18, 0, 52, 44581.59, 160229344, 913
3563, 135, 174, 1085, 0, 0, 57.03%, 18, 0, 52, 43217.46, 160448475, 913
3568, 135, 312, 1085, 0, 0, 57.03%, 18, 0, 52, 44675.23, 160675589, 913
3573, 135, 801, 1085, 0, 0, 57.03%, 18, 0, 52, 44453.11, 160899560, 913
3578, 136, 1044, 1085, 0, 0, 57.03%, 18, 0, 52, 44701.69, 161125362, 913
3583, 136, 224, 1085, 0, 0, 57.03%, 18, 0, 52, 44511.29, 161348335, 913
3588, 136, 813, 1085, 0, 0, 57.03%, 18, 0, 52, 44607.68, 161574562, 913
3593, 136, 583, 1085, 0, 0, 57.03%, 18, 0, 52, 43986.37, 161799153, 913
3598, 136, 683, 1085, 0, 0, 57.03%, 18, 0, 52, 45219.91, 162028063, 913
3604, 137, 1014, 1086, 0, 0, 57.03%, 18, 0, 52, 36458.54, 162230579, 913
3609, 137, 743, 1086, 0, 0, 57.03%, 18, 0, 52, 43629.77, 162454169, 913
3614, 137, 729, 1086, 0, 0, 57.03%, 18, 0, 52, 42842.95, 162673449, 913
3619, 137, 298, 1086, 0, 0, 57.03%, 18, 0, 52, 42677.85, 162895192, 913
3624, 137, 174, 1086, 0, 0, 57.03%, 18, 0, 52, 43753.09, 163117668, 913
3628, 137, 527, 1086, 0, 0, 57.03%, 18, 0, 52, 41303.88, 163302982, 913
